463
647
814
725
631
841
479
609
721
383
781
644
829
423
451
346
537
707
756
573
343
775
280
432
406
721
707
646
640
228
738
352
308
793
587
384
624
446
309
327
619
406
294
731
288
404
405
622
517
775
679
250
432
296
437
618
346
558
577
649
254
512
643
562
290
809
755
304
576
421
796
271
636
550
262
438
682
579
631
581
345
750
469
299
313
363
550
366
408
406
517
174
568
240
535
431
373
256
445
619
192
533
601
297
686
607
394
332
748
258
295
381
280
438
432
586
223
750
351
212
266
313
489
208
296
443
261
204
473
578
199
396
193
293
657
320
656
589
173
512
548
275
572
712
233
460
189
460
225
721
246
519
633
153
379
535
696
172
204
113
706
352
581
455
280
318
227
305
213
133
82
216
627
319
616
264
585
610
328
518
435
68
174
680
303
248
192
445
556
271
580
554
265
475
486
285
422
49
188
189
509
160
543
670
315
339
644
132
258
351
32
333
52
589
559
614
295
120
330
623
240
180
305
123
23
127
106
227
339
617
104
448
393
23
159
199
421
423
140
527
335
103
220
617
-5
572
559
393
249
51
237
315
523
469
575
409
160
148
327
314
57
601
168
103
405
136
270
548
472
105
572
363
341
45
353
552
267
47
259
363
143
358
82
321
478
408
90
102
381
562
240
458
382
576
249
487
471
493
384
257
-22
525
170
284
485
347
313
449
-44
38
44
497
312
-46
294
247
154
223
132
491
290
430
524
243
308
21
206
182
485
140
403
372
308
174
134
399
171
266
438
59
514
506
81
311
433
263
187
242
141
459
132
423
187
67
31
366
496
217
88
428
374
433
113
386
297
371
362
229
313
-6
-3
-76
248
-113
312
243
-41
-7
472
362
348
127
-31
64
211
268
382
191
151
356
429
-109
278
-157
141
419
-37
339
111
294
270
70
418
282
235
-59
46
282
16
228
111
-163
-58
-12
-68
368
251
219
294
-122
116
148
186
-141
-138
367
-112
416
-178
-45
-153
199
316
-95
174
-56
439
366
351
285
156
319
324
433
-51
365
356
26
253
127
-100
289
55
289
373
-202
326
142
-69
234
408
370
160
-82
171
248
-198
-219
70
92
215
-122
-111
258
132
-144
80
-100
-42
114
-234
110
-200
-110
255
206
168
152
107
223
364
32
361
214
-160
-260
276
-210
-198
128
0
-191
-55
35
-104
176
250
-125
232
329
22
125
-1
-248
-104
222
78
280
-229
-23
134
-240
176
-219
-76
-21
193
264
66
48
-108
-86
-23
197
329
312
65
252
322
-62
-189
-227
29
-60
112
232
45
129
-28
270
326
-164
224
-22
128
-90
-124
13
-311
94
-274
-152
-33
-155
-162
-102
173
165
-284
-24
105
307
51
-269
199
252
-49
232
24
-54
-118
-332
174
149
-25
179
154
-138
-30
-273
187
-331
-38
-216
-64
-275
-319
185
-5
-169
-313
-276
-42
-77
-3
73
101
241
-276
-72
-144
179
-264
-330
-119
-292
198
80
87
-99
45
-39
156
-151
208
-242
61
-304
-393
129
127
-174
-229
-278
19
-53
-46
-183
-303
34
99
-212
-337
-359
-392
190
-237
-276
-10
117
9
28
-21
-7
-415
-12
216
-248
6
-63
86
144
-310
103
-280
-423
-325
-395
-354
-390
-111
-161
-147
68
-361
178
105
-1
22
-43
-85
-204
105
169
86
-113
-36
70
10
-236
-232
48
-443
-168
81
-401
-260
-276
-341
-122
-446
-192
-221
-190
-25
-235
-282
-426
-278
-295
-155
-439
-379
-82
163
-384
-314
-341
90
-54
-28
-451
-253
-480
-77
-127
-20
-123
-233
43
-365
95
-55
-452
-316
-218
-207
-499
-409
-297
-45
-395
-198
-344
1
-274
-256
-442
-477
-353
-4
-347
-164
-141
-145
-330
-318
-100
-4
89
-197
-345
-405
-374
-215
-320
-216
-497
-378
-387
-250
-238
-242
-350
-208
-279
-236
2
81
-142
-112
-165
-160
-176
-178
-464
-83
-490
-187
-440
-326
-300
-78
-419
-462
-551
70
-485
-95
31
-210
-380
-183
-83
18
-281
-99
-453
-297
-187
-533
-124
-414
-59
-375
-146
-395
-25
-231
-206
-107
-499
-556
-572
47
-238
-223
-2
-448
-328
-578
-98
-402
-56
35
-437
-97
-209
-264
-17
-267
-518
-143
-352
-266
-434
-394
-260
-569
-424
-322
-461
-46
-430
-159
-503
-4
-479
-593
-54
-617
-503
-567
-315
-196
-420
-610
-185
-602
-532
-487
-114
-430
-263
-410
-472
-184
-450
-452
-409
-418
-374
-80
-260
-437
-48
-264
-586
-87
-30
-643
-355
-513
-61
-264
-206
-61
-137
-93
-137
-409
-88
-475
-519
-219
-624
-531
-75
-58
-602
-199
-191
-187
-599
-625
-450
-433
-202
-515
-578
-286
-262
-231
-360
-269
-597
-608
-157
-239
-611
-607
-467
-647
-259
-425
-608
-504
-574
-643
-268
-486
-240
-645
-447
-221
-430
-148
-587
-491
-163
-164
-154
-332
-476
-637
-647
-368
-590
-508
-179
-359
-146
-344
-633
-647
-377
-608
-479
-164
-568
-727
-344
-470
-477
-529
-517
-159
-650
-649
-663
-290
-210
-579
-210
-237
-632
-378
-418
-297
-646
-335
-329
-635
-561
-386
-244
-654
-285
-468
-327
-262
-295
-277
-460
-662
-348
-718
-259
-248
-312
-296
-768
-675
-364
-562
-641
-319
-606
-596
-703
-164
-554
-441
-209
-788
-363
-190
-771
-453
-203
-613
-333
-575
-700
-675
-436
-383
-632
-334
-622
-688
-194
-685
-311
-728
-184
-768
-211
-690
-483
-786
-463
-311
-225
-613
-207
-410
-397
-617
-459
-762
-635
-228
-593
-291
-380
-596
-486
-299
-776
-646
-198
-290
-685
-379
-222
-699
-556
-720
-840
-253
-214
-451
-508
-315
-389
-563
-800
-303
-766
-626
-232
-479
-781
-500
-772
-505
-366
-601
-443
-812
-436
-290
-696
-801
-617
-527
-286
-390
-709
-855
-741
-715
-805
-254
-632
-411
-304
-827
-804
-496
-643
-544
-784
-397
-787
-266
-693
-408
-748
-295
-445
-889
-395
-340
-873
-550
-830
-269
-823
-896
-825
-474
-326
-528
-774
-617
-910
-334
-825
-876
-619
-869
-663
-807
-317
-825
-441
-708
-764
-737
-564
-510
-916
-355
-729
-363
-835
-719
-616
-452
-773
-419
-809
-566
-409
-316
-850
-869
-538
-359
-852
-646
-904
-468
-349
-654
-439
-345
-669
-346
-828
-799
-609
-779
-457
-473
-751
-763
-790
-333
-627
-474
-802
-749
-621
-538
-838
-696
-883
-695
-533
-904
-600
-859
-957
-506
-385
-979
-529
-454
-576
-577
-981
-643
-899
-525
-422
-448
-934
-780
-409
-430
-874
-419
-478
-763
-445
-934
-476
-740
-540
-543
-711
-445
-835
-753
-883
-678
-468
-777
-984
-1007
-683
-631
-826
-857
-894
-595
-681
-944
-758
-752
-853
-905
-548
-737
-588
-651
-747
-647
-725
-434
-597
-664
-510
-632
-628
-707
-520
-733
-575
-869
-753
-893
-477
-918
-957
-1011
-982
-676
-838
-834
-535
-967
-636
-452
-1019
-767
-884
-637
-966
-992
-501
-838
-531
-481
-566
-620
-805
-713
-812
-846
-1047
-973
-805
-571
-898
-1006
-900
-836
-1077
-1075
-820
-540
-1087
-1051
-965
-1018
-1029
-738
-781
-568
-836
-950
-912
-897
-522
-741
-770
-1040
-488
-920
-641
-621
-882
-1067
-515
-624
-552
-695
-784
-499
-521
-601
-487
-774
-569
-1033
-773
-927
-1014
-1100
-1031
-855
-1097
-806
-772
-960
-765
-721
-870
-949
-690
-697
-1067
-1006
-932
-953
-1080
-863
-985
-986
-1140
-722
-1102
-889
-1002
-1049
-702
-740
-715
-1017
-880
-901
-777
-616
-537
-635
-713
-525
-984
-717
-1137
-910
-649
-544
-1096
-1099
-694
-895
-1077
-778
-560
-1073
-1030
-749
-1026
-940
-1059
-855
-1002
-912
-654
-764
-1183
-1068
-809
-832
-662
-747
-846
-1152
-1132
-722
-1133
-925
-599
-1050
-608
-1099
-803
-1013
-963
-1122
-894
-994
-1065
-936
-772
-930
-667
-656
-613
-1210
-677
-1151
-951
-838
-815
-700
-1172
-1026
-1126
-630
-888
-1175
-672
-985
-1012
-783
-1190
-1140
-648
-822
-945
-1048
-1102
-951
-1049
-1039
-694
-818
-1140
-1110
-661
-655
-728
-906
-1049
-955
-679
-978
-671
-1095
-1121
-769
-1153
-1146
-759
-1130
-1083
-808
-856
-662
-1076
-698
-1175
-1050
-1088
-1060
-761
-1181
-718
-1270
-1276
-1012
-862
-953
-1191
-1013
-1124
-1205
-999
-724
-667
-862
-788
-980
-1215
-1196
-1003
-1128
-1162
-958
-1241
-1271
-1182
-1158
-678
-869
-893
-1032
-1195
-1073
-1021
-1225
-1022
-1180
-1239
-1074
-1173
-740
-1218
-1176
-899
-1249
-1268
-1126
-1271
-1042
-789
-1099
-1028
-944
-810
-948
-1088
-1182
-1014
-948
-1214
-893
-1154
-1164
-1293
-843
-774
-759
-726
-791
-1054
-1306
-1198
-1207
-1313
-1130
-1311
-1275
-1334
-999
-1269
-767
-1120
-1277
-1119
-861
-992
-969
-1302
-1018
-1141
-1056
-828
-1344
-1278
-987
-776
-756
-882
-1184
-830
-1177
-1247
-1054
-1016
-1079
-1034
-916
-1218
-1121
-1336
-864
-1380
-1050
-887
-876
-865
-1313
-1124
-1354
-911
-888
-1151
-1342
-1152
-971
-895
-1004
-1153
-1311
-1165
-1101
-775
-1337
-1391
-1118
-1216
-934
-1153
-982
-1064
-1400
-828
-1092
-1367
-1264
-1326
-872
-918
-1289
-1155
-785
-1400
-1386
-1215
-893
-1298
-1264
-1232
-898
-1030
-1383
-1190
-973
-1364
-956
-992
-959
-1013
-1234
-1130
-814
-1026
-1219
-931
-1195
-950
-1408
-1235
-873
-1058
-1041
-1258
-1144
-1459
-900
-1108
-900
-1391
-1256
-1001
-1006
-1316
-1055
-1208
-840
-961
-1279
-1318
-966
-936
-1397
-1227
-1386
-1325
-1006
-1102
-1280
-934
-1033
-1374
-1369
-859
-1370
-1264
-969
-971
-1189
-1156
-1463
-1310
-1390
-996
-1051
-931
-1290
-1424
-1033
-1339
-1175
-944
-994
-1407
-1451
-1102
-1490
-1238
-1454
-1033
-1029
-1180
-1192
-1489
-1335
-1180
-1069
-1097
-891
-1331
-1333
-1127
-1170
-1015
-1210
-1009
-1117
-1142
-1353
-1267
-1319
-1453
-1309
-1033
-910
-1505
-1310
-1280
-1384
-1541
-1244
-1190
-906
-1066
-925
-1335
-1316
-995
-1332
-915
-1481
-1368
-1033
-995
-1252
-1014
-1350
-1526
-992
-1027
-1165
-925
-1165
-1315
-1391
-968
-1300
-955
-1566
-1307
-1364
-1225
-1507
-1056
-954
-1371
-1510
-1442
-1353
-977
-1222
-997
-992
-1500
-1023
-1277
-1433
-1418
-1051
-1123
-1252
-1328
-1067
-1404
-1432
-970
-1398
-1602
-1481
-1320
-1397
-1076
-1303
-1035
-1049
-1143
-1120
-1024
-1320
-1214
-1356
-1594
-1608
-1472
-1525
-1288
-1344
-1533
-1330
-1117
-1529
-1574
-1150
-1581
-1556
-1534
-1050
-1155
-1289
-1031
-1042
-1586
-1270
-1172
-1124
-1301
-1215
-1249
-1635
-1379
-1155
-1073
-1166
-1625
-1344
-1317
-1245
-1308
-1507
-1323
-1053
-1137
-1543
-1145
-1446
-1155
-1456
-1358
-1577
-1210
-1417
-1190
-1144
-1527
-1354
-1445
-1656
-1531
-1634
-1314
-1512
-1037
-1606
-1569
-1345
-1130
-1301
-1350
-1152
-1214
-1073
-1151
-1205
-1443
-1305
-1167
-1065
-1479
-1373
-1632
-1628
-1472
-1448
-1678
-1215
-1073
-1636
-1430
-1142
-1503
-1628
-1537
-1438
-1513
-1396
-1295
-1191
-1696
-1699
-1518
-1526
-1438
-1566
-1326
-1508
-1583
-1120
-1079
-1162
-1417
-1332
-1523
-1619
-1096
-1725
-1405
-1247
-1233
-1618
-1499
-1205
-1619
-1680
-1401
-1653
-1227
-1243
-1175
-1325
-1694
-1429
-1697
-1387
-1283
-1467
-1457
-1235
-1681
-1588
-1417
-1455
-1589
-1616
-1681
-1606
-1617
-1338
-1672
-1709
-1556
-1498
-1598
-1743
-1365
-1433
-1144
-1151
-1521
-1613
-1340
-1414
-1303
-1736
-1461
-1301
-1318
-1636
-1524
-1634
-1697
-1673
-1578
-1572
-1267
-1539
-1426
-1209
-1271
-1668
-1429
-1540
-1699
-1437
-1283
-1782
-1711
-1724
-1799
-1306
-1300
-1798
-1552
-1630
-1364
-1432
-1228
-1301
-1223
-1359
-1593
-1450
-1796
-1684
-1503
-1510
-1797
-1631
-1265
-1640
-1343
-1466
-1359
-1390
-1677
-1188
-1562
-1820
-1749
-1192
-1363
-1697
-1214
-1206
-1409
-1509
-1497
-1745
-1642
-1365
-1487
-1467
-1647
-1324
-1701
-1461
-1241
-1520
-1834
-1563
-1564
-1234
-1450
-1490
-1226
-1592
-1462
-1603
-1376
-1539
-1267
-1237
-1842
-1310
-1227
-1553
-1788
-1520
-1688
-1714
-1306
-1430
-1537
-1848
-1719
-1406
-1700
-1848
-1842
-1580
-1566
-1621
-1717
-1857
-1570
-1582
-1562
-1513
-1478
-1840
-1354
-1874
-1673
-1434
-1668
-1822
-1700
-1435
-1701
-1288
-1825
-1329
-1555
-1725
-1853
-1544
-1510
-1479
-1592
-1439
-1807
-1303
-1531
-1863
-1755
-1633
-1745
-1579
-1303
-1435
-1554
-1575
-1581
-1799
-1761
-1347
-1927
-1768
-1376
-1297
-1885
-1502
-1830
-1864
-1496
-1380
-1937
-1602
-1588
-1451
-1654
-1403
-1891
-1543
-1706
-1855
-1916
-1850
-1422
-1686
-1731
-1618
-1364
-1435
-1917
-1736
-1384
-1862
-1484
-1763
-1481
-1645
-1513
-1444
-1915
-1629
-1721
-1465
-1922
-1759
-1515
-1739
-1843
-1385
-1949
-1617
-1535
-1405
-1812
-1476
-1368
-1564
-1898
-1657
-1558
-1519
-1507
-1477
-1696
-1527
-1587
-1468
-1794
-1907
-1997
-1534
-1830
-1612
-1459
-1453
-1469
-1705
-1995
-1850
-1510
-1893
-1961
-1894
-1825
-1470
-1824
-1945
-1652
-1643
-1979
-1949
-1538
-1550
-1795
-1655
-1555
-1896
-1504
-1885
-1827
-1798
-1389
-1540
-1465
-1473
-1887
-1933
-1681
-1560
-1779
-1587
-1597
-1620
-1728
-1815
-2030
-2045
-1507
-1662
-1937
-2029
-1572
-1484
-1852
-1481
-1483
-1923
-2031
-1639
-1983
-1673
-1617
-2007
-1974
-1598
-1493
-1829
-1987
-1904
-1620
-1632
-1431
-1539
-1655
-1575
-1453
-1499
-1990
-1942
-1516
-1917
-1857
-1748
-2067
-1983
-1667
-1590
-1795
-1650
-1519
-1795
-1466
-1778
-2047
-1841
-1864
-2052
-1838
-2085
-2073
-1576
-1709
-1881
-1531
-2064
-1461
-1548
-2024
-2000
-1513
-1977
-1888
-1605
-1645
-2039
-1495
-1978
-1899
-1939
-1977
-1893
-1539
-1780
-1553
-1721
-1508
-2114
-1632
-1772
-1785
-2095
-2038
-1577
-2062
-1656
-2075
-1730
-1579
-1871
-1985
-2005
-2045
-1778
-1743
-2083
-2081
-2022
-1663
-1605
-2105
-1827
-1644
-1666
-2036
-1961
-1694
-1536
-1708
-2075
-1836
-1854
-1992
-1809
-1945
-1634
-1867
-2105
-1824
-1642
-1709
-1553
-1553
-2069
-1914
-1901
-1552
-2070
-1932
-2133
-1768
-1584
-1910
-1539
-1765
-1617
-2128
-1804
-1585
-1960
-1862
-1685
-1579
-1829
-2086
-1942
-1777
-1565
-1619
-1938
-2145
-2050
-1701
-2127
-1955
-1581
-2069
-1909
-1960
-1663
-1917
-2068
-2169
-2012
-2196
-1600
-2130
-1617
-1990
-1641
-2099
-1896
-1719
-1891
-1886
-2057
-1640
-1639
-1933
-1820
-1760
-1774
-1736
-2160
-2146
-1773
-1681
-1786
-2052
-2227
-2024
-1661
-1908
-1847
-2048
-1734
-2047
-1835
-1785
-1955
-1761
-1739
-1749
-2213
-1721
-1883
-1679
-2052
-1826
-1701
-1880
-2222
-1710
-2082
-1918
-1743
-2109
-1654
-2080
-2065
-2011
-1862
-1976
-1754
-2060
-2091
-2121
-2226
-1785
-2241
-2075
-1686
-1719
-2268
-2156
-1982
-2232
-2061
-1699
-1870
-1800
-2287
-1944
-2088
-1991
-2257
-1737
-2097
-1979
-1837
-2147
-2132
-2187
-1717
-2036
-1732
-1859
-1826
-1852
-2150
-2153
-1813
-1744
-2289
-1784
-1827
-2104
-2029
-2147
-1920
-2228
-2023
-1693
-1908
-2119
-1759
-1684
-1738
-2147
-2265
-1702
-2128
-2278
-2271
-1721
-1756
-2275
-2217
-1974
-2035
-2318
-1752
-2107
-1939
-2275
-2032
-1713
-2052
-1900
-1945
-2326
-2022
-2156
-1919
-1966
-2182
-2245
-2266
-2256
-2190
-1724
-1999
-2210
-1955
-2020
-1813
-2001
-2026
-2127
-1802
-2348
-1782
-1833
-2006
-1905
-1782
-2027
-1881
-2132
-2284
-1813
-1747
-2107
-2013
-1896
-2362
-2060
-1853
-1945
-1832
-2324
-2234
-1944
-2016
-1947
-1986
-2229
-2126
-1864
-2389
-1857
-2152
-2002
-2313
-2041
-2257
-2041
-1768
-2386
-1839
-1779
-1828
-2111
-1796
-2128
-2255
-1878
-2054
-2038
-2195
-1998
-2187
-2247
-2226
-1937
-2309
-2338
-1986
-2197
-2256
-2205
-2237
-1856
-1958
-2281
-2270
-2372
-2006
-2079
-1830
-2339
-2320
-2288
-2154
-2131
-2378
-2387
-2291
-2368
-2410
-2254
-2103
-2124
-1973
-1835
-2414
-1927
-1986
-1922
-1883
-2411
-2119
-2357
-1833
-2109
-2009
-1926
-2450
-2443
-2357
-2373
-2114
-2201
-2032
-2254
-2130
-1972
-2406
-2014
-2212
-2159
-2022
-2418
-2172
-2067
-2363
-2464
-2016
-2048
-2184
-2261
-2254
-2260
-1875
-2301
-2142
-2020
-2027
-1889
-2327
-2181
-2377
-2077
-2205
-1929
-1980
-2151
-2197
-2468
-2260
-2223
-2114
-1913
-2403
-2090
-2044
-2381
-2305
-2490
-2030
-2428
-2383
-1918
-2345
-2320
-2076
-2334
-2071
-2494
-2247
-2036
-1942
-1928
-2053
-2532
-2135
-2413
-2471
-2103
-2272
-2408
-2213
-2369
-2107
-2451
-2106
-1999
-1905
-2194
-2079
-2534
-2397
-2478
-2327
-2330
-2385
-1998
-2490
-1946
-2502
-2198
-2440
-1958
-2180
-2136
-1955
-2454
-2278
-2269
-2117
-2133
-2199
-2081
-1935
-2301
-2404
-1956
-2116
-2207
-2464
-2458
-1947
-2126
-2341
-2005
-2200
-2558
-2133
-2331
-2075
-2427
-2217
-1974
-2504
-2252
-2467
-2099
-2013
-2452
-2207
-2553
-2402
-2501
-2340
-2593
-2017
-2552
-2587
-2487
-1977
-2346
-2014
-2331
-2363
-2407
-2212
-2174
-2327
-2590
-2507
-2145
-2237
-2267
-2379
-1986
-2526
-2606
-2480
-2558
-2602
-2532
-2200
-2057
-2263
-2450
-2175
-2287
-2503
-2367
-2403
-2204
-2578
-2190
-2527
-2207
-2625
-2640
-2385
-2576
-2381
-2626
-2106
-2423
-2161
-2389
-2184
-2119
-2462
-2275
-2211
-2489
-2105
-2148
-2484
-2261
-2297
-2147
-2642
-2636
-2594
-2032
-2452
-2480
-2607
-2593
-2094
-2144
-2227
-2496
-2271
-2653
-2353
-2473
-2176
-2325
-2303
-2328
-2649
-2316
-2648
-2387
-2675
-2312
-2353
-2198
-2099
-2151
-2336
-2380
-2102
-2502
-2396
-2163
-2323
-2522
-2089
-2547
-2133
-2345
-2459
-2704
-2376
-2470
-2239
-2668
-2614
-2666
-2152
-2634
-2494
-2319
-2120
-2320
-2687
-2506
-2422
-2228
-2630
-2528
-2471
-2136
-2185
-2279
-2541
-2383
-2511
-2245
-2276
-2591
-2413
-2379
-2484
-2284
-2187
-2288
-2164
-2555
-2294
-2107
-2210
-2523
-2284
-2580
-2618
-2597
-2237
-2438
-2349
-2667
-2271
-2585
-2737
-2149
-2535
-2750
-2756
-2690
-2131
-2296
-2191
-2315
-2742
-2586
-2437
-2249
-2151
-2635
-2479
-2329
-2491
-2379
-2555
-2185
-2428
-2152
-2324
-2446
-2274
-2505
-2225
-2618
-2507
-2578
-2237
-2669
-2256
-2310
-2400
-2389
-2235
-2765
-2398
-2625
-2696
-2274
-2786
-2253
-2710
-2735
-2371
-2192
-2689
-2528
-2739
-2329
-2469
-2482
-2682
-2736
-2365
-2242
-2618
-2481
-2820
-2572
-2226
-2487
-2360
-2816
-2377
-2585
-2824
-2392
-2446
-2329
-2301
-2599
-2554
-2796
-2241
-2522
-2573
-2400
-2775
-2536
-2330
-2367
-2339
-2398
-2703
-2818
-2681
-2711
-2839
-2551
-2328
-2518
-2622
-2640
-2719
-2767
-2412
-2438
-2547
-2259
-2354
-2488
-2864
-2731
-2662
-2796
-2565
-2716
-2817
-2663
-2314
-2637
-2814
-2421
-2649
-2245
-2431
-2426
-2297
-2614
-2762
-2842
-2383
-2541
-2676
-2387
-2677
-2475
-2725
-2606
-2471
-2860
-2307
-2878
-2539
-2852
-2885
-2621
-2867
-2487
-2262
-2655
-2399
-2602
-2659
-2860
-2371
-2353
-2558
-2599
-2895
-2311
-2855
-2636
-2586
-2715
-2858
-2894
-2452
-2620
-2501
-2438
-2285
-2656
-2743
-2739
-2595
-2589
-2519
-2749
-2801
-2449
-2903
-2310
-2489
-2764
-2354
-2543
-2930
-2366
-2667
-2823
-2788
-2628
-2749
-2573
-2701
-2633
-2792
-2814
-2563
-2646
-2524
-2475
-2703
-2712
-2397
-2523
-2573
-2403
-2721
-2836
-2340
-2508
-2603
-2471
-2588
-2475
-2375
-2829
-2565
-2884
-2456
-2793
-2966
-2608
-2823
-2698
-2921
-2744
-2818
-2854
-2654
-2867
-2355
-2534
-2520
-2929
-2589
-2598
-2498
-2353
-2824
-2977
-2834
-2555
-2534
-2363
-2543
-2803
-2869
-2367
-2371
-2768
-2582
-2878
-2749
-2975
-2637
-2565
-2777
-2535
-2500
-2629
-2554
-2883
-2940
-2836
-2805
-2870
-2435
-2569
-2543
-2905
-2808
-2810
-2717
-2453
-2616
-2671
-2816
-2396
-2858
-2904
-2883
-2786
-2608
-2417
-2415
-2729
-2496
-2504
-3014
-2666
-2490
-2601
-2474
-2438
-2785
-3011
-3024
-3024
-2449
-3003
-2759
-2615
-2597
-2606
-3016
-2638
-2508
-2549
-3054
-2767
-2502
-2654
-2530
-2590
-2772
-2517
-2775
-2479
-2838
-2717
-2857
-2633
-2454
-2507
-2593
-2480
-2765
-2742
-2980
-2776
-2982
-3082
-2830
-2777
-2792
-2461
-2926
-2688
-2708
-2590
-2610
-2836
-2549
-2939
-2819
-2784
-2616
-2636
-3040
-3036
-2527
-2549
-2751
-2600
-2867
-2985
-2970
-3071
-2909
-2959
-2934
-2842
-2938
-2817
-2503
-2950
-3033
-2741
-2668
-2581
-3032
-2743
-2845
-3085
-3129
-3014
-2713
-2810
-2538
-2709
-3051
-2619
-2799
-2667
-2903
-3023
-3046
-2631
-2743
-2760
-2545
-2885
-2641
-2687
-2670
-2593
-2959
-2612
-2579
-2911
-2674
-2977
-3120
-2609
-2550
-2795
-3072
-2646
-2866
-3005
-2763
-2967
-2526
-2779
-3063
-2952
-2990
-2884
-3099
-2632
-2787
-2950
-2551
-2641
-2650
-3143
-3094
-2936
-2976
-2811
-2704
-2677
-3033
-2797
-2583
-3004
-2558
-3107
-2833
-2920
-2789
-2585
-2727
-2868
-2839
-2937
-3096
-2740
-3106
-2827
-2663
-2732
-2880
-2661
-3050
-2842
-3208
-2988
-2868
-3150
-3080
-3207
-2709
-2800
-2906
-3163
-2930
-2631
-2976
-2790
-2946
-3037
-2836
-3039
-2606
-2838
-2971
-2854
-3017
-3202
-2910
-2978
-3132
-3145
-3137
-2935
-2634
-2640
-3211
-3132
-2974
-2737
-2658
-2847
-2999
-2922
-3182
-3252
-2621
-3218
-2669
-2864
-3186
-3232
-3170
-3182
-3179
-2663
-2990
-2858
-2774
-2811
-3106
-3178
-2689
-3210
-2780
-3057
-3195
-2990
-3105
-2759
-2786
-2769
-2738
-2720
-2994
-3015
-3011
-3183
-3165
-2840
-2911
-2749
-3183
-3259
-3224
-3265
-2738
-2724
-3086
-2662
-2753
-2958
-3224
-3076
-3276
-2976
-3227
-2944
-2975
-3142
-2705
-2856
-2997
-2933
-2806
-3304
-2742
-3047
-2731
-3021
-3221
-3129
-3189
-2691
-2999
-2847
-3144
-2722
-3299
-2869
-3199
-3281
-2816
-2851
-2718
-3185
-3090
-2921
-3264
-3155
-3311
-3053
-3204
-3195
-3258
-2904
-2959
-3290
-3223
-2773
-2711
-2948
-3013
-3042
-3139
-3282
-3199
-3032
-2984
-3230
-3304
-3102
-2861
-2986
-2728
-2800
-2851
-3141
-2830
-3300
-3058
-3089
-2781
-3049
-3119
-3369
-3232
-2764
-3333
-3339
-3271
-3266
-3250
-3276
-3297
-2857
-3101
-3171
-3264
-3366
-3161
-2904
-3242
-3278
-2755
-3064
-3369
-2893
-3354
-3206
-2807
-3001
-2762
-3307
-3366
-3247
-3293
-3235
-3115
-3234
-2772
-2914
-3290
-2837
-2839
-3306
-2981
-3246
-2901
-2849
-3198
-2791
-3307
-2858
-3155
-2994
-2834
-3122
-2994
-2901
-3269
-2917
-3330
-2811
-3175
-3251
-3026
-3271
-3054
-3264
-3199
-2821
-2978
-2939
-2891
-2859
-3097
-3286
-3069
-2840
-2821
-3337
-3144
-3252
-3012
-3360
-3040
-3327
-2830
-2832
-2999
-3160
-3386
-2931
-2935
-3002
-3034
-2828
-3148
-3194
-3151
-2862
-3216
-3338
-3319
-3015
-3168
-2920
-3257
-3073
-3156
-3412
-3457
-3306
-3282
-2910
-3012
-3104
-3451
-3385
-3255
-3183
-3474
-3111
-3007
-3258
-3156
-3151
-2989
-2924
-3393
-3435
-3040
-2982
-3412
-3504
-3242
-3337
-3372
-3263
-3361
-3410
-3290
-3054
-3000
-2893
-3420
-3137
-3088
-3489
-2988
-3039
-3012
-3201
-3176
-3480
-3267
-3408
-3428
-3154
-3305
-3345
-3138
-3126
-3489
-3224
-3202
-3439
-3473
-3146
-2911
-3509
-3418
-3110
-2906
-3095
-3283
-3342
-3011
-3351
-3481
-3515
-3111
-3196
-3165
-3167
-3052
-2957
-3024
-3032
-3363
-3351
-3006
-3046
-3023
-3380
-2949
-3125
-3012
-3206
-3413
-3025
-3355
-3186
-3196
-2955
-3554
-3368
-3181
-3116
-3045
-3357
-3259
-2976
-3348
-3399
-3387
-3017
-3115
-3529
-3406
-3508
-3499
-3452
-3420
-3477
-3396
-3018
-3079
-3449
-3171
-3422
-3172
-3041
-3440
-3584
-3516
-3604
-3135
-3264
-3464
-3092
-3546
-3231
-3301
-3437
-3496
-3537
-3421
-3479
-3252
-3462
-3202
-2994
-3474
-3027
-2989
-3461
-3338
-3163
-3425
-3334
-3168
-3513
-3005
-3508
-3184
-3072
-3036
-3595
-3452
-3552
-3500
-3453
-3583
-3597
-3323
-3414
-3379
-3176
-3273
-3536
-3055
-3212
-3637
-3620
-3294
-3522
-3032
-3422
-3455
-3476
-3181
-3662
-3124
-3071
-3259
-3153
-3661
-3268
-3396
-3539
-3155
-3148
-3341
-3106
-3274
-3449
-3655
-3355
-3266
-3426
-3073
-3423
-3474
-3169
-3105
-3546
-3432
-3106
-3429
-3633
-3362
-3060
-3065
-3616
-3542
-3138
-3516
-3177
-3282
-3443
-3402
-3594
-3210
-3658
-3541
-3195
-3666
-3572
-3509
-3112
-3115
-3273
-3433
-3599
-3277
-3541
-3323
-3552
-3112
-3448
-3675
-3406
-3137
-3441
-3337
-3520
-3589
-3674
-3457
-3461
-3102
-3303
-3319
-3165
-3243
-3211
-3114
-3518
-3195
-3346
-3323
-3215
-3713
-3354
-3332
-3434
-3497
-3134
-3324
-3333
-3708
-3124
-3395
-3257
-3481
-3473
-3531
-3225
-3464
-3327
-3732
-3495
-3358
-3710
-3381
-3544
-3355
-3710
-3633
-3468
-3137
-3713
-3359
-3735
-3370
-3219
-3204
-3310
-3428
-3143
-3437
-3611
-3695
-3455
-3181
-3310
-3504
-3419
-3277
-3735
-3287
-3421
-3320
-3601
-3298
-3580
-3374
-3157
-3658
-3346
-3159
-3492
-3533
-3469
-3393
-3668
-3318
-3659
-3520
-3783
-3398
-3621
-3419
-3419
-3671
-3312
-3509
-3666
-3256
-3807
-3610
-3708
-3450
-3543
-3233
-3602
-3533
-3370
-3406
-3222
-3831
-3503
-3576
-3744
-3219
-3417
-3402
-3329
-3695
-3638
-3495
-3551
-3314
-3775
-3615
-3685
-3427
-3697
-3456
-3799
-3490
-3246
-3552
-3476
-3214
-3294
-3252
-3444
-3335
-3833
-3850
-3575
-3556
-3667
-3557
-3565
-3651
-3713
-3700
-3425
-3394
-3580
-3714
-3435
-3727
-3837
-3814
-3849
-3432
-3357
-3391
-3291
-3368
-3251
-3704
-3301
-3711
-3852
-3830
-3784
-3616
-3283
-3336
-3501
-3328
-3725
-3856
-3694
-3373
-3799
-3413
-3407
-3697
-3669
-3570
-3635
-3819
-3453
-3831
-3575
-3298
-3585
-3407
-3859
-3488
-3887
-3424
-3383
-3350
-3346
-3843
-3647
-3809
-3644
-3313
-3695
-3816
-3525
-3758
-3451
-3439
-3853
-3475
-3370
-3422
-3589
-3850
-3358
-3325
-3728
-3320
-3476
-3848
-3514
-3804
-3714
-3796
-3665
-3629
-3466
-3440
-3904
-3507
-3626
-3715
-3753
-3788
-3915
-3923
-3581
-3492
-3848
-3702
-3509
-3324
-3405
-3351
-3747
-3502
-3723
-3486
-3939
-3773
-3474
-3482
-3619
-3685
-3427
-3573
-3739
-3352
-3500
-3702
-3711
-3971
-3930
-3541
-3531
-3377
-3529
-3547
-3478
-3661
-3904
-3458
-3372
-3387
-3937
-3369
-3910
-3730
-3750
-3511
-3527
-3686
-3703
-3662
-3919
-3416
-3457
-3685
-3810
-3520
-3963
-4005
-3990
-4012
-3748
-3675
-3462
-3663
-3882
-3541
-3813
-3843
-3958
-3881
-3742
-3634
-3498
-3472
-3410
-3887
-3398
-3809
-3427
-3628
-4009
-3460
-3856
-3766
-3405
-4019
-3858
-4018
-4002
-3581
-3486
-3616
-3507
-4028
-3683
-3879
-3432
-3935
-3938
-3475
-3719
-3883
-3584
-3882
-3682
-3654
-3977
-3522
-3976
-3721
-3797
-3525
-3889
-3567
-3963
-3732
-3523
-3448
-3519
-3570
-3839
-3554
-3998
-3740
-4038
-3898
-3881
-3602
-3600
-3980
-3490
-4017
-3938
-3785
-3672
-3906
-3494
-3931
-4065
-3791
-3796
-3604
-3649
-4021
-4046
-3564
-3992
-3737
-3936
-3850
-3918
-3502
-3933
-3614
-3756
-3899
-3634
-3702
-3678
-3628
-3615
-3849
-3682
-3714
-3913
-3741
-3659
-3491
-3600
-3707
-3761
-3545
-3855
-4057
-3980
-4120
-3740
-3636
-3604
-3647
-4094
-3969
-3893
-4016
-4053
-3890
-3780
-3759
-3807
-3782
-3971
-3723
-3694
-3858
-4141
-3543
-3512
-3656
-3748
-4056
-4084
-3625
-3994
-3872
-4136
-4029
-3597
-3607
-3638
-4103
-4122
-3870
-3890
-3897
-4086
-3588
-3881
-3804
-3632
-3958
-4117
-3899
-3990
-3934
-3839
-4155
-3546
-3734
-3563
-4100
-3744
-3636
-3848
-3625
-3702
-3559
-3707
-3743
-3875
-4035
-4007
-3778
-4181
-3830
-3604
-4132
-3931
-3700
-3987
-3633
-4169
-3722
-3628
-3758
-3743
-4094
-3774
-4142
-3833
-3912
-3659
-3622
-4217
-4166
-3765
-3913
-3813
-3588
-4054
-3987
-3718
-4042
-3917
-3935
-3806
-4013
-4209
-4089
-3909
-3868
-3610
-4051
-3679
-3734
-4045
-3710
-4214
-3971
-3881
-3889
-3717
-3993
-3632
-3784
-3930
-4131
-3825
-4125
-4248
-3833
-3672
-4136
-4093
-3759
-3829
-3732
-3684
-3805
-4107
-3708
-4177
-3898
-3901
-3773
-4047
-4065
-4194
-3984
-4136
-4069
-4010
-4246
-3885
-3981
-3719
-3797
-3669
-4178
-3650
-4177
-4156
-3918
-3920
-4273
-3699
-3971
-3737
-3922
-3846
-4239
-3724
-4065
-3860
-4134
-4251
-3939
-4043
-4095
-3685
-4304
-4303
-4136
-3923
-3854
-4076
-4162
-4079
-4067
-4088
-4309
-3786
-4130
-3820
-3777
-4170
-3865
-4149
-4192
-3703
-3693
-3818
-4173
-4033
-4110
-4207
-4246
-4173
-3890
-3695
-3835
-4130
-3856
-3715
-4284
-3815
-3794
-4285
-3730
-3834
-3840
-3750
-3924
-4075
-3859
-4230
-4175
-4040
-3848
-3737
-3949
-3988
-3951
-4183
-4232
-3743
-4341
-4077
-4156
-3837
-3948
-4310
-3882
-3871
-3850
-3854
-4153
-4265
-4263
-4264
-4076
-4171
-4349
-3742
-4117
-3773
-3922
-3967
-3796
-3879
-4088
-3910
-3796
-4053
-4001
-4088
-3763
-3759
-4332
-3842
-4063
-4085
-4185
-3823
-4193
-4029
-3984
-3962
-4311
-4036
-4284
-3788
-3973
-4341
-4397
-3913
-4174
-4041
-3941
-3958
-3787
-3962
-4386
-4061
-3974
-4013
-4145
-3986
-4165
-4195
-4073
-4401
-4227
-3883
-4097
-3893
-4372
-4276
-4217
-4389
-4135
-3966
-3841
-4307
-4167
-4057
-4031
-4256
-4173
-3989
-4207
-3873
-4071
-3821
-4052
-4324
-3837
-4224
-4018
-4091
-4270
-4038
-4032
-4170
-4409
-3954
-4246
-4343
-4129
-3935
-4325
-4093
-4381
-4124
-4284
-4002
-4150
-3964
-4219
-4364
-4358
-4255
-4299
-3948
-4274
-4041
-4424
-4121
-4087
-4027
-4158
-3965
-4055
-3988
-4044
-3968
-4402
-4479
-4000
-3857
-4101
-4334
-4412
-4107
-4078
-4065
-4200
-4403
-4230
-3928
-4471
-4154
-4334
-4351
-4035
-3987
-4170
-4483
-4382
-4034
-4426
-4149
-3923
-4446
-4183
-4250
-4464
-4321
-4181
-4362
-4101
-4040
-4305
-4429
-4509
-4234
-4298
-4076
-4333
-4433
-4420
-4278
-3925
-4442
-4390
-3957
-4136
-4107
-4366
-4313
-3947
-4176
-4317
-3924
-4505
-4492
-4223
-4401
-4398
-4392
-4335
-4432
-4502
-4360
-4103
-4461
-4499
-4174
-4241
-4314
-3972
-3968
-4311
-4053
-4457
-4234
-4563
-4193
-4151
-4464
-4526
-3985
-4404
-4170
-4262
-4171
-4126
-4124
-4172
-4364
-4197
-4479
-4443
-4560
-4290
-4062
-4176
-4428
-4335
-4510
-4355
-4320
-4337
-4036
-4287
-4018
-4359
-4197
-4235
-3987
-4323
-4211
-4063
-4444
-4075
-4455
-4382
-4416
-4125
-4377
-4545
-4476
-4612
-4210
-3997
-4251
-4551
-4558
-4233
-4605
-4453
-4585
-4028
-4242
-4510
-4138
-4483
-4213
-4038
-4150
-4219
-4019
-4432
-4096
-4253
-4410
-4477
-4004
-4621
-4061
-4353
-4529
-4329
-4491
-4445
-4058
-4385
-4484
-4542
-4290
-4534
-4401
-4486
-4363
-4296
-4125
-4536
-4067
-4242
-4356
-4654
-4099
-4486
-4275
-4425
-4521
-4642
-4311
-4054
-4670
-4068
-4429
-4542
-4654
-4598
-4551
-4661
-4169
-4335
-4581
-4063
-4612
-4408
-4555
-4604
-4577
-4496
-4349
-4101
-4447
-4521
-4555
-4297
-4342
-4676
-4695
-4669
-4114
-4181
-4227
-4445
-4261
-4115
-4155
-4649
-4666
-4455
-4077
-4086
-4371
-4699
-4132
-4531
-4491
-4467
-4400
-4515
-4425
-4469
-4523
-4499
-4526
-4258
-4642
-4453
-4176
-4208
-4301
-4563
-4174
-4114
-4220
-4525
-4277
-4511
-4468
-4356
-4550
-4637
-4313
-4523
-4330
-4701
-4407
-4697
-4278
-4728
-4218
-4167
-4460
-4186
-4468
-4483
-4388
-4600
-4528
-4166
-4515
-4632
-4137
-4380
-4288
-4171
-4378
-4139
-4541
-4503
-4136
-4247
-4145
-4470
-4690
-4235
-4318
-4174
-4148
-4537
-4696
-4711
-4636
-4695
-4236
-4258
-4583
-4721
-4432
-4707
-4607
-4722
-4781
-4253
-4667
-4236
-4766
-4663
-4272
-4432
-4166
-4728
-4465
-4725
-4375
-4806
-4766
-4607
-4630
-4629
-4708
-4274
-4501
-4574
-4700
-4432
-4578
-4785
-4462
-4565
-4488
-4325
-4421
-4608
-4704
-4526
-4720
-4810
-4535
-4281
-4341
-4286
-4544
-4290
-4370
-4220
-4689
-4706
-4446
-4641
-4522
-4376
-4690
-4323
-4454
-4214
-4590
-4792
-4736
-4538
-4273
-4533
-4264
-4850
-4666
-4831
-4543
-4656
-4688
-4637
-4276
-4321
-4743
-4571
-4510
-4547
-4857
-4435
-4808
-4363
-4494
-4476
-4720
-4627
-4699
-4794
-4840
-4705
-4807
-4866
-4604
-4882
-4587
-4503
-4579
-4467
-4636
-4533
-4459
-4497
-4508
-4378
-4329
-4280
-4515
-4614
-4876
-4625
-4677
-4745
-4507
-4901
-4411
-4448
-4435
-4515
-4718
-4556
-4463
-4780
-4794
-4890
-4769
-4830
-4325
-4657
-4767
-4777
-4329
-4354
-4419
-4804
-4496
-4778
-4735
-4374
-4560
-4698
-4762
-4589
-4933
-4720
-4738
-4937
-4749
-4930
-4880
-4895
-4546
-4855
-4309
-4705
-4577
-4532
-4889
-4663
-4335
-4733
-4897
-4763
-4618
-4949
-4949
-4564
-4723
-4597
-4854
-4359
-4769
-4805
-4507
-4431
-4500
-4402
-4862
-4378
-4555
-4336
-4408
-4853
-4800
-4662
-4657
-4576
-4903
-4876
-4511
-4649
-4749
-4845
-4854
-4540
-4373
-4475
-4877
-4494
-4932
-4710
-4780
-4971
-4511
-4673
-4621
-4499
-4684
-4606
-4683
-4470
-4536
-4881
-4512
-4759
-4411
-4442
-4442
-4523
-4670
-4828
-4763
-4662
-4443
-4689
-4741
-4637
-4380
-4444
-4770
-4956
-4837
-4483
-4812
-4873
-4730
-4427
-4981
-4395
-4751
-4839
-4394
-4867
-4443
-4791
-4646
-5009
-4652
-4548
-4957
-4972
-4839
-4996
-4638
-4986
-4980
-4814
-4730
-4728
-4803
-4512
-4686
-4916
-4917
-4464
-5012
-5039
-4889
-5049
-4534
-4986
-4758
-4646
-4537
-4627
-4830
-4928
-4538
-4954
-5039
-4568
-4654
-4913
-4856
-5000
-4934
-5036
-4672
-4649
-4936
-4840
-4683
-4548
-4612
-4778
-5006
-4921
-4516
-4619
-4597
-4950
-4577
-4462
-4637
-4584
-4894
-4598
-4671
-4502
-4900
-4865
-5028
-4527
-5100
-5060
-4476
-4491
-5022
-4485
-5067
-5094
-5058
-4579
-4676
-4525
-4910
-4856
-4695
-4522
-4824
-4554
-4509
-5114
-4597
-4865
-4989
-4587
-5009
-4648
-4561
-5055
-4559
-4850
-4858
-4608
-4969
-4915
-4503
-4629
-4646
-4753
-4961
-4914
-4597
-5110
-5009
-5142
-4729
-4794
-4835
-4629
-4596
-4513
-4512
-4668
-5059
-5081
-4734
-4821
-4761
-5099
-4526
-4786
-4669
-4757
-4828
-4645
-4805
-4581
-4759
-4559
-4725
-4974
-4840
-4790
-5027
-4537
-5099
-4603
-5089
-5167
-4828
-5012
-5050
-4786
-4998
-5174
-4624
-4889
-5134
-4869
-4680
-5188
-4723
-4882
-4739
-4832
-5132
-4827
-4729
-5141
-4949
-5082
-4907
-5004
-5150
-4860
-5020
-4683
-5074
-4807
-5153
-5119
-4866
-4650
-5044
-4661
-4963
-4721
-4696
-5014
-4728
-4664
-5189
-5038
-4766
-4959
-4648
-4922
-5066
-4733
-4722
-4964
-5153
-4732
-4840
-4796
-5227
-4713
-4955
-4603
-4656
-5125
-4735
-5110
-5101
-4653
-5030
-4844
-5029
-5183
-5190
-4808
-5183
-4785
-4648
-4823
-5150
-5117
-4824
-5251
-4733
-5075
-5233
-5139
-4965
-4913
-4962
-4783
-4685
-5018
-5089
-5076
-5262
-4719
-5127
-4955
-4719
-5192
-4796
-5035
-4713
-4839
-4707
-5265
-5076
-5239
-5238
-5059
-4840
-4712
-5250
-4959
-5201
-4683
-4774
-4942
-5033
-5249
-4661
-4750
-5262
-4972
-5131
-5027
-4968
-4709
-4929
-5244
-4821
-4706
-5302
-4972
-5255
-4827
-4944
-4887
-4909
-5160
-4707
-5031
-5198
-5194
-4778
-5036
-5315
-5016
-4815
-5137
-4776
-5160
-5133
-5120
-5034
-5234
-5336
-4994
-5016
-5282
-5175
-5026
-5149
-5160
-4820
-5134
-4984
-5021
-5271
-5004
-5082
-5104
-5262
-5210
-5007
-5286
-4994
-4862
-4798
-5086
-5310
-5157
-4834
-4936
-4819
-5045
-4962
-5148
-4934
-4913
-5158
-4971
-5223
-4926
-5199
-5293
-5174
-5293
-5045
-4836
-5165
-5346
-5248
-5247
-5132
-4921
-4819
-5219
-5035
-5374
-4861
-5238
-5209
-4783
-4918
-5228
-4941
-4873
-5202
-5067
-5123
-5080
-5378
-5009
-4866
-5173
-4875
-5229
-4860
-5239
-4981
-5254
-5103
-4836
-4817
-5001
-5215
-5086
-4985
-4776
-5256
-4974
-5027
-4813
-5365
-4782
-5396
-5116
-4804
-5399
-5354
-5030
-5080
-4935
-5150
-5053
-4845
-4881
-5045
-5113
-5247
-5336
-5434
-5109
-4934
-5169
-5180
-5017
-5083
-4894
-5208
-4840
-5309
-5019
-5102
-5339
-5205
-4982
-5435
-5437
-5034
-5083
-5370
-4905
-5001
-5415
-5268
-4903
-5191
-5216
-5175
-5099
-4857
-5041
-5181
-5148
-5280
-5091
-5038
-5127
-5300
-5204
-5027
-5074
-5233
-4991
-5367
-5435
-5441
-4866
-5386
-5292
-5043
-5118
-5011
-5434
-4967
-5447
-5191
-5407
-5417
-4954
-5266
-5027
-5212
-4919
-4864
-5103
-5131
-5046
-4943
-4896
-4899
-5294
-4958
-5291
-5163
-5148
-5108
-5236
-5284
-5405
-5471
-5241
-5192
-5062
-4984
-5370
-5317
-5493
-4994
-5033
-5144
-4935
-5223
-5308
-5052
-5321
-4928
-5185
-5210
-5035
-5414
-5341
-5321
-5208
-5139
-5033
-5313
-5332
-5422
-5431
-4922
-5360
-5070
-5530
-5313
-5361
-5151
-5045
-4935
-5324
-5534
-5278
-5127
-5259
-5501
-5471
-5099
-4962
-5431
-5346
-5299
-4951
-5042
-5163
-5091
-5008
-5016
-5496
-5486
-5559
-5124
-5399
-5241
-5449
-5560
-5283
-5292
-5460
-4973
-5352
-5324
-5166
-5293
-5588
-5440
-5534
-5157
-5007
-5064
-5409
-4968
-5235
-5521
-5543
-5072
-5029
-5050
-5497
-5049
-5515
-5067
-5015
-5379
-5261
-4986
-5249
-5311
-5261
-5064
-5555
-5071
-5075
-5284
-5563
-5109
-5323
-5542
-5415
-5281
-5617
-5079
-5610
-5527
-5505
-5361
-5019
-5531
-5343
-5066
-5622
-5121
-5534
-5079
-5405
-5560
-5245
-5255
-5483
-5071
-5568
-5168
-5026
-5198
-5183
-5116
-5626
-5560
-5461
-5199
-5104
-5521
-5429
-5637
-5662
-5474
-5444
-5262
-5478
-5495
-5557
-5170
-5043
-5241
-5230
-5254
-5615
-5344
-5251
-5617
-5477
-5563
-5610
-5364
-5512
-5504
-5510
-5093
-5132
-5621
-5635
-5569
-5130
-5273
-5587
-5534
-5470
-5275
-5284
-5289
-5389
-5538
-5273
-5466
-5116
-5404
-5631
-5361
-5646
-5123
-5413
-5291
-5537
-5468
-5551
-5697
-5197
-5564
-5596
-5547
-5493
-5086
-5579
-5293
-5143
-5507
-5407
-5111
-5324
-5336
-5454
-5149
-5455
-5697
-5253
-5693
-5178
-5716
-5402
-5488
-5256
-5739
-5485
-5404
-5515
-5573
-5264
-5660
-5155
-5242
-5568
-5260
-5304
-5430
-5562
-5318
-5155
-5161
-5699
-5478
-5197
-5711
-5642
-5225
-5225
-5759
-5165
-5338
-5752
-5382
-5212
-5633
-5309
-5316
-5766
-5178
-5433
-5663
-5624
-5695
-5202
-5311
-5386
-5623
-5287
-5288
-5312
-5183
-5352
-5481
-5580
-5217
-5482
-5679
-5449
-5252
-5181
-5365
-5441
-5690
-5596
-5507
-5319
-5798
-5547
-5596
-5793
-5459
-5505
-5586
-5291
-5188
-5590
-5454
-5337
-5253
-5308
-5683
-5564
-5401
-5701
-5463
-5797
-5552
-5408
-5517
-5753
-5783
-5459
-5642
-5823
-5477
-5718
-5489
-5344
-5776
-5674
-5746
-5399
-5526
-5680
-5818
-5829
-5252
-5252
-5752
-5643
-5386
-5757
-5795
-5368
-5670
-5215
-5617
-5714
-5337
-5610
-5756
-5620
-5296
-5345
-5662
-5555
-5478
-5479
-5260
-5583
-5369
-5229
-5667
-5747
-5382
-5252
-5352
-5488
-5458
-5826
-5625
-5730
-5740
-5274
-5799
-5808
-5749
-5304
-5505
-5657
-5631
-5663
-5363
-5813
-5254
-5606
-5407
-5290
-5826
-5560
-5711
-5529
-5878
-5612
-5744
-5709
-5441
-5441
-5467
-5331
-5720
-5493
-5569
-5639
-5623
-5518
-5891
-5563
-5614
-5320
-5560
-5593
-5278
-5344
-5670
-5617
-5822
-5651
-5737
-5805
-5744
-5852
-5496
-5431
-5496
-5768
-5401
-5780
-5314
-5773
-5515
-5768
-5783
-5811
-5804
-5705
-5526
-5631
-5805
-5625
-5772
-5646
-5521
-5893
-5614
-5646
-5393
-5722
-5405
-5664
-5340
-5788
-5696
-5497
-5958
-5765
-5340
-5742
-5581
-5628
-5664
-5890
-5357
-5920
-5624
-5611
-5369
-5355
-5619
-5948
-5715
-5892
-5691
-5515
-5457
-5884
-5785
-5724
-5517
-5973
-5447
-5950
-5861
-5357
-5554
-5925
-5721
-5774
-5943
-5467
-5762
-5394
-5779
-5941
-5710
-5611
-5496
-5893
-5705
-5818
-5738
-5949
-6000
-5790
-5918
-5893
-5896
-5840
-5533
-5480
-5950
-5893
-5864
-5792
-5955
-5818
-5401
-5543
-5426
-5423
-5954
-5733
-5446
-5467
-5904
-5556
-5588
-5478
-5399
-5883
-6015
-5950
-5847
-5628
-5993
-5604
-5819
-5851
-5854
-5664
-6020
-5648
-5929
-5996
-5486
-5575
-5596
-5562
-5960
-5923
-5811
-5477
-5595
-5936
-5524
-5816
-5942
-5983
-5978
-5529
-5540
-5835
-5592
-5922
-5849
-5825
-5508
-5945
-5664
-5784
-5617
-5837
-6014
-6008
-5639
-5745
-5949
-5692
-5655
-5917
-5729
-5735
-5766
-5632
-5997
-6043
-5668
-5745
-5767
-5721
-5927
-5993
-5669
-6034
-5837
-6082
-5930
-5881
-5769
-5486
-5552
-6076
-5774
-5605
-5839
-6087
-5742
-5919
-5754
-5764
-5619
-5914
-6119
-5710
-5528
-5662
-6009
-5550
-5795
-5581
-5761
-5801
-5698
-5658
-5883
-5972
-5979
-5634
-5905
-6079
-5549
-5676
-5509
-6126
-5863
-5643
-5554
-5515
-5526
-5553
-5960
-5890
-6134
-5759
-5634
-5536
-6030
-5823
-5989
-6144
-5983
-5836
-6041
-6018
-5866
-5779
-5550
-5673
-5895
-5544
-5820
-5997
-5638
-5892
-6116
-5883
-6090
-5829
-5906
-5970
-5873
-5815
-6058
-5833
-5706
-5952
-5693
-5960
-5627
-5848
-5787
-5855
-5604
-5577
-5890
-5903
-5612
-5576
-5764
-6042
-5748
-6189
-5894
-6195
-5888
-6098
-5761
-6189
-5918
-5828
-5602
-5887
-5996
-5940
-5979
-5727
-5942
-5613
-5644
-5629
-5670
-5988
-5659
-6220
-5976
-5951
-6018
-5611
-5622
-5811
-6148
-6107
-5934
-6118
-5613
-5763
-6045
-5974
-6165
-6213
-5649
-6016
-5827
-6018
-6241
-5734
-5716
-5920
-6233
-6197
-5642
-6097
-5933
-5771
-5835
-6172
-5884
-5646
-5896
-5930
-5756
-5815
-6179
-6188
-5818
-5696
-5724
-5722
-5986
-6233
-5805
-5924
-6127
-6178
-6061
-6045
-5749
-5884
-6061
-5971
-6212
-6115
-6059
-6280
-5902
-5898
-6168
-5827
-6120
-6096
-6123
-6005
-6002
-6236
-5992
-5729
-5906
-6070
-6150
-6040
-5842
-5857
-5780
-6021
-6051
-6180
-5912
-5709
-5670
-6167
-5671
-6161
-5736
-5757
-5985
-6153
-6068
-6233
-5691
-6005
-6167
-6049
-5929
-5896
-5684
-5792
-5826
-5982
-6312
-6006
-5960
-6319
-5963
-6075
-5893
-5848
-6158
-6238
-5997
-6266
-6328
-6127
-5751
-6027
-5938
-6338
-6183
-5767
-5937
-5732
-5814
-6177
-6040
-5805
-6080
-5739
-6341
-6026
-5884
-6106
-6108
-6320
-6014
-6339
-6181
-5802
-6002
-6128
-5738
-6156
-6337
-6357
-6170
-5810
-6253
-6123
-6103
-6316
-6318
-6179
-6341
-6230
-6293
-6006
-5772
-5832
-5806
-5806
-6357
-6014
-5845
-5771
-5873
-5958
-5775
-6260
-6334
-6268
-5793
-6115
-5902
-6236
-5859
-5863
-6044
-6097
-6109
-5841
-6054
-6169
-5940
-5810
-5860
-6394
-5916
-6401
-5792
-6182
-5773
-6118
-6139
-5806
-5827
-5914
-5873
-6362
-5917
-6409
-5920
-6106
-6399
-6274
-6414
-5903
-5894
-6344
-5845
-6259
-6140
-6031
-6146
-6254
-6247
-6195
-6124
-6373
-6168
-6095
-6345
-5997
-6137
-6104
-6191
-5866
-6183
-6222
-6434
-6206
-5913
-6264
-6000
-6129
-6348
-6409
-6012
-6279
-5975
-6278
-6249
-6221
-5892
-6041
-6001
-6206
-5935
-5874
-6357
-6153
-5903
-6131
-6095
-5999
-6211
-6208
-5848
-6315
-6058
-6236
-5884
-6242
-5935
-6449
-6265
-6428
-5881
-5901
-6390
-6442
-6224
-6159
-5973
-6312
-6281
-6308
-6015
-6142
-6436
-5959
-6203
-6455
-6187
-6187
-5997
-6154
-6019
-6334
-6483
-5999
-6021
-6389
-5964
-5980
-5936
-6204
-6105
-6134
-6228
-6099
-6312
-6111
-6200
-6005
-5944
-6202
-6197
-6433
-6354
-6155
-6131
-6464
-6216
-6285
-5972
-6389
-5999
-5970
-6332
-6441
-6140
-6329
-6348
-6512
-6509
-6488
-6473
-6553
-6445
-5981
-6308
-6344
-5978
-6078
-5946
-6016
-6062
-6279
-6084
-6444
-6214
-6024
-6149
-6022
-6117
-6415
-6506
-6383
-6033
-6397
-6045
-6357
-6458
-6096
-6517
-6128
-6133
-6410
-6122
-6505
-6245
-6568
-6158
-6499
-6435
-6392
-6438
-6086
-6479
-5956
-6438
-6336
-6101
-6256
-6111
-6288
-6311
-6522
-6248
-6468
-6463
-6282
-6055
-6281
-6405
-6345
-6148
-6007
-6009
-6093
-6379
-6076
-6577
-6183
-6046
-6619
-6312
-6199
-6611
-6129
-6446
-6291
-6526
-6018
-6142
-6148
-6360
-6437
-6280
-6170
-6631
-6297
-6314
-6430
-6200
-6032
-6263
-6314
-6393
-6248
-6586
-6359
-6382
-6068
-6628
-6573
-6377
-6521
-6061
-6427
-6317
-6187
-6436
-6263
-6628
-6453
-6071
-6645
-6610
-6287
-6324
-6598
-6167
-6193
-6326
-6096
-6285
-6580
-6477
-6316
-6425
-6173
-6389
-6042
-6584
-6635
-6172
-6555
-6397
-6666
-6088
-6357
-6640
-6595
-6255
-6614
-6363
-6317
-6273
-6563
-6336
-6682
-6351
-6081
-6374
-6299
-6129
-6270
-6169
-6608
-6646
-6098
-6323
-6707
-6228
-6242
-6682
-6294
-6440
-6600
-6659
-6133
-6602
-6397
-6527
-6346
-6147
-6386
-6694
-6165
-6170
-6404
-6386
-6510
-6238
-6199
-6334
-6664
-6111
-6168
-6731
-6384
-6652
-6128
-6244
-6730
-6403
-6263
-6606
-6636
-6588
-6594
-6490
-6295
-6590
-6484
-6612
-6297
-6649
-6177
-6616
-6584
-6379
-6156
-6152
-6503
-6633
-6233
-6468
-6271
-6193
-6398
-6239
-6323
-6229
-6435
-6399
-6772
-6172
-6149
-6170
-6146
-6518
-6432
-6610
-6566
-6661
-6534
-6722
-6231
-6773
-6461
-6358
-6285
-6393
-6173
-6572
-6534
-6612
-6161
-6225
-6209
-6294
-6170
-6436
-6390
-6508
-6518
-6278
-6570
-6346
-6534
-6393
-6690
-6189
-6615
-6352
-6642
-6309
-6485
-6322
-6606
-6235
-6785
-6212
-6562
-6785
-6763
-6756
-6599
-6758
-6544
-6729
-6757
-6523
-6451
-6415
-6709
-6395
-6273
-6620
-6743
-6813
-6827
-6762
-6546
-6728
-6826
-6517
-6553
-6830
-6644
-6839
-6288
-6523
-6562
-6277
-6256
-6275
-6239
-6737
-6852
-6395
-6368
-6358
-6511
-6849
-6508
-6626
-6699
-6847
-6460
-6699
-6790
-6552
-6790
-6339
-6807
-6540
-6339
-6380
-6861
-6780
-6457
-6322
-6780
-6729
-6454
-6271
-6256
-6724
-6414
-6576
-6329
-6753
-6843
-6773
-6423
-6387
-6828
-6601
-6472
-6560
-6613
-6523
-6896
-6260
-6688
-6870
-6305
-6463
-6508
-6520
-6270
-6879
-6448
-6731
-6796
-6508
-6588
-6802
-6855
-6490
-6710
-6491
-6575
-6506
-6841
-6414
-6802
-6884
-6786
-6339
-6652
-6441
-6331
-6668
-6688
-6573
-6875
-6582
-6320
-6789
-6563
-6655
-6376
-6727
-6359
-6913
-6852
-6464
-6703
-6392
-6346
-6780
-6822
-6784
-6436
-6496
-6528
-6400
-6788
-6575
-6538
-6524
-6395
-6877
-6483
-6955
-6649
-6509
-6389
-6444
-6658
-6846
-6859
-6907
-6732
-6411
-6496
-6440
-6660
-6476
-6480
-6778
-6756
-6869
-6447
-6652
-6508
-6376
-6655
-6590
-6949
-6541
-6391
-6842
-6437
-6990
-6601
-6720
-6622
-6571
-6940
-6799
-6939
-6677
-6660
-6707
-6864
-6592
-6878
-6738
-6612
-6780
-6477
-6964
-6713
-6898
-6584
-6861
-6412
-6585
-6501
-6930
-7003
-6898
-6475
-6485
-6670
-7017
-6598
-6985
-6554
-6831
-6452
-6620
-6913
-6889
-6534
-6899
-6721
-6453
-6597
-6935
-6851
-6652
-6786
-6932
-6781
-6639
-6560
-6589
-6789
-6413
-6529
-6722
-6786
-6769
-7047
-6437
-6898
-7045
-7006
-6988
-6887
-6916
-7041
-6981
-6836
-6984
-6466
-6911
-6622
-6737
-7052
-6532
-6776
-6816
-6786
-6566
-6773
-6852
-6734
-6704
-6891
-7015
-6771
-6924
-6587
-6876
-6910
-6756
-7061
-7046
-7008
-6907
-6933
-6939
-6952
-6593
-6746
-6709
-6857
-6598
-6472
-6977
-6590
-6479
-6930
-6626
-6544
-6797
-6669
-6891
-6980
-6907
-6661
-6904
-6685
-7112
-6965
-6798
-6867
-7039
-7060
-7111
-6550
-6829
-6554
-6676
-6807
-6855
-6528
-7049
-6743
-6636
-6568
-6848
-6925
-6564
-6679
-7030
-6548
-6656
-6837
-7070
-6702
-6872
-6740
-7109
-6754
-6607
-6876
-6928
-6886
-6843
-7086
-7114
-7116
-6698
-6893
-6526
-6627
-6812
-6725
-6868
-7070
-6553
-7103
-6787
-6960
-6630
-6952
-6764
-7112
-6937
-6799
-6791
-6906
-6890
-6951
-6756
-6922
-6539
-6582
-6918
-6880
-7082
-7139
-7127
-6592
-7024
-7085
-6864
-6805
-6595
-7133
-6806
-6764
-6936
-6948
-6917
-6653
-7167
-6763
-7150
-6810
-7124
-6712
-6867
-6605
-7060
-6720
-6955
-6686
-6797
-6850
-6764
-6975
-6892
-7198
-6667
-7033
-6813
-6961
-6890
-6909
-6829
-6882
-6671
-7182
-7102
-6635
-6668
-6718
-6968
-7057
-7188
-6820
-6671
-7133
-7112
-6729
-7076
-7216
-7146
-6717
-7128
-6942
-7138
-6874
-6712
-6876
-7240
-6624
-7236
-6686
-6912
-6617
-6914
-7037
-6968
-6648
-6763
-7143
-6851
-6689
-6942
-7234
-6932
-6937
-6973
-7186
-6837
-7155
-6977
-6830
-7227
-6703
-7027
-6738
-6748
-7198
-7144
-6783
-7153
-6825
-6927
-7083
-7176
-6721
-6877
-7225
-6941
-6724
-6650
-6952
-6729
-7223
-6699
-7155
-6778
-6853
-6723
-6853
-7031
-6978
-7155
-6816
-6909
-7127
-7084
-7271
-7142
-7267
-7092
-7204
-7102
-6841
-6897
-7265
-6807
-7099
-7287
-6885
-6681
-6976
-6765
-6839
-6998
-6738
-7013
-7288
-7110
-6885
-7252
-7144
-6697
-7100
-7199
-6981
-7118
-6866
-6930
-7058
-6906
-6948
-6934
-7266
-6718
-6922
-7067
-7285
-6786
-6716
-7036
-6779
-6972
-7321
-6898
-7106
-7164
-7238
-6828
-6767
-7352
-6948
-7007
-6869
-7227
-6856
-6932
-7272
-7134
-6847
-6941
-7324
-6736
-6896
-7352
-7368
-6795
-7259
-6817
-7108
-7305
-6837
-6902
-6940
-7138
-6841
-6951
-6987
-7119
-7222
-7329
-6979
-7205
-7302
-6785
-7385
-7268
-6959
-7374
-7125
-7310
-6995
-7242
-7230
-6784
-6804
-7337
-6938
-6887
-7063
-7406
-7308
-6823
-6828
-7180
-6798
-7164
-7051
-7397
-7239
-6915
-6926
-6985
-7099
-7403
-6980
-7272
-6944
-7150
-7003
-6840
-6794
-7118
-7166
-6893
-7403
-7303
-7220
-7266
-6829
-7063
-6971
-7101
-7293
-7003
-7287
-7208
-6901
-7420
-7157
-7228
-7034
-7107
-7073
-7344
-7000
-7431
-7154
-7266
-7008
-6997
-7344
-7448
-7074
-7431
-7213
-7337
-7201
-6917
-7273
-7043
-6896
-7433
-7353
-7169
-7131
-7015
-6979
-7024
-7003
-6894
-7225
-7302
-6935
-7100
-7230
-7231
-7227
-7490
-7190
-7336
-7100
-7425
-7467
-7475
-7238
-7189
-7157
-7304
-7080
-7185
-7058
-7403
-7411
-7256
-7284
-7228
-7145
-7440
-7248
-7133
-7056
-7115
-6933
-7512
-7370
-7029
-7180
-7276
-7383
-7002
-6994
-7208
-7127
-7083
-7404
-7081
-7104
-6901
-7260
-7165
-7045
-7437
-7112
-7292
-7119
-7075
-7375
-6957
-7451
-7328
-7222
-6950
-7265
-7292
-7129
-6979
-6996
-7239
-7004
-7428
-7353
-7051
-7311
-7133
-7045
-6980
-7331
-6948
-7131
-7494
-7251
-6996
-6978
-7049
-7237
-7259
-6926
-6985
-7528
-7388
-7470
-6966
-7266
-7055
-7239
-7205
-7160
-7073
-6969
-6984
-7122
-7384
-7153
-7264
-7203
-7052
-7136
-7329
-7255
-7133
-6971
-6976
-7226
-7199
-7037
-7290
-7303
-6968
-7510
-7132
-7199
-7302
-7412
-7575
-7400
-7510
-7255
-7223
-6995
-7154
-7435
-7325
-7052
-7348
-6987
-7485
-7430
-7590
-7418
-7180
-7135
-7552
-7416
-7419
-7519
-7074
-7367
-7477
-7226
-7533
-7369
-7138
-7541
-7137
-7274
-7598
-7391
-7330
-7279
-7479
-7207
-7441
-7320
-7193
-7634
-7529
-7177
-7644
-7186
-7147
-7382
-7384
-7118
-7531
-7347
-7211
-7125
-7161
-7361
-7153
-7104
-7074
-7257
-7561
-7410
-7297
-7316
-7247
-7523
-7347
-7161
-7149
-7303
-7652
-7305
-7214
-7569
-7453
-7278
-7655
-7145
-7411
-7487
-7117
-7167
-7600
-7621
-7172
-7554
-7260
-7212
-7068
-7319
-7594
-7449
-7395
-7208
-7507
-7274
-7380
-7619
-7631
-7608
-7346
-7487
-7270
-7477
-7415
-7380
-7356
-7470
-7632
-7512
-7408
-7210
-7314
-7424
-7426
-7497
-7490
-7711
-7108
-7359
-7375
-7709
-7692
-7704
-7674
-7476
-7404
-7240
-7120
-7543
-7495
-7573
-7443
-7593
-7254
-7491
-7408
-7512
-7277
-7218
-7376
-7478
-7147
-7248
-7540
-7448
-7473
-7207
-7214
-7139
-7735
-7445
-7360
-7150
-7530
-7379
-7176
-7173
-7437
-7378
-7313
-7231
-7647
-7569
-7549
-7295
-7712
-7432
-7740
-7577
-7154
-7147
-7684
-7459
-7649
-7679
-7328
-7527
-7509
-7168
-7621
-7298
-7734
-7178
-7396
-7662
-7270
-7710
-7390
-7535
-7155
-7595
-7266
-7692
-7265
-7450
-7277
-7212
-7265
-7254
-7526
-7690
-7584
-7285
-7675
-7545
-7776
-7475
-7642
-7704
-7412
-7236
-7366
-7505
-7309
-7650
-7209
-7722
-7476
-7603
-7642
-7274
-7234
-7582
-7726
-7677
-7195
-7338
-7691
-7698
-7818
-7811
-7700
-7278
-7738
-7419
-7480
-7761
-7797
-7594
-7241
-7515
-7636
-7291
-7714
-7544
-7809
-7400
-7794
-7269
-7726
-7341
-7828
-7662
-7767
-7513
-7315
-7555
-7368
-7592
-7226
-7797
-7468
-7736
-7601
-7495
-7746
-7795
-7670
-7723
-7449
-7335
-7575
-7280
-7388
-7794
-7764
-7377
-7533
-7476
-7398
-7264
-7512
-7472
-7764
-7698
-7517
-7734
-7318
-7578
-7828
-7558
-7869
-7499
-7690
-7698
-7681
-7717
-7304
-7285
-7399
-7903
-7595
-7455
-7427
-7851
-7282
-7590
-7877
-7861
-7646
-7686
-7721
-7714
-7728
-7762
-7812
-7660
-7312
-7297
-7617
-7295
-7566
-7466
-7375
-7591
-7325
-7818
-7595
-7923
-7485
-7822
-7327
-7348
-7552
-7420
-7559
-7448
-7622
-7773
-7714
-7527
-7451
-7811
-7650
-7816
-7803
-7555
-7665
-7813
-7569
-7955
-7472
-7372
-7825
-7847
-7660
-7517
-7675
-7485
-7766
-7425
-7833
-7507
-7786
-7347
-7647
-7844
-7336
-7449
-7560
-7406
-7357
-7462
-7481
-7617
-7953
-7588
-7958
-7727
-7836
-7893
-7712
-7587
-7427
-7492
-7818
-7516
-7509
-7380
-7390
-7878
-7433
-7749
-7907
-7471
-7592
-7380
-7985
-7475
-7409
-7446
-7584
-7903
-7842
-7397
-7555
-7376
-7819
-7647
-7926
-7755
-7609
-7661
-7417
-7840
-7683
-7445
-7937
-7783
-7458
-8006
-7657
-7995
-7921
-7417
-7736
-7857
-7640
-7976
-7552
-7743
-7903
-7451
-7847
-7654
-7522
-7661
-7419
-7602
-7678
-7735
-7492
-7701
-7785
-7949
-7674
-7595
-7520
-7718
-7904
-7846
-7675
-7849
-7835
-7870
-7425
-7615
-7813
-7847
-7466
-7772
-8046
-7534
-7893
-7559
-7599
-7621
-7728
-7731
-7715
-7997
-7476
-7502
-8072
-8011
-7690
-7934
-7636
-7707
-7702
-7493
-7552
-7882
-7679
-8026
-7774
-8071
-7599
-7742
-7674
-8090
-7579
-7662
-7683
-7582
-7918
-7655
-7789
-7879
-8072
-8042
-7973
-7777
-7964
-7851
-7759
-7580
-7485
-7602
-7991
-7644
-7665
-7547
-7850
-8008
-7882
-7956
-7791
-7942
-7781
-8106
-7695
-8005
-7656
-7771
-8038
-8056
-7893
-7857
-7920
-7949
-8029
-8041
-8025
-7952
-8096
-7943
-7964
-8079
-7503
-7969
-7728
-7840
-8092
-7782
-7517
-7630
-7768
-7724
-7929
-7608
-7687
-7934
-8030
-7942
-7587
-7949
-7584
-7928
-8019
-7978
-7881
-7822
-7796
-7618
-7669
-7929
-7541
-7915
-7994
-8155
-8051
-7858
-7619
-7951
-7986
-7875
-7789
-8144
-7905
-7573
-7835
-8112
-8077
-7829
-7954
-7739
-7869
-7602
-7641
-7644
-7902
-7610
-7936
-8082
-8075
-7993
-8172
-8057
-7811
-8112
-7670
-7574
-8137
-7865
-7737
-7912
-7886
-7969
-7996
-7767
-8030
-7632
-7724
-7803
-7808
-7838
-7772
-7583
-8085
-7733
-7849
-8161
-8177
-7758
-8217
-7938
-8015
-7753
-7951
-7692
-7712
-8195
-7660
-8108
-8003
-8003
-7912
-8044
-8176
-7757
-8087
-8090
-7980
-8052
-7937
-7849
-7740
-7872
-7770
-7818
-8123
-7702
-8228
-8251
-8233
-7626
-7762
-8149
-7659
-7772
-7939
-8138
-7806
-7632
-7824
-8245
-7943
-7966
-7810
-7723
-7884
-8076
-7952
-8205
-8272
-7672
-8283
-7693
-7876
-7862
-7716
-7697
-7721
-7982
-7960
-7842
-7780
-7922
-7779
-8283
-8133
-7951
-7725
-7806
-8009
-8301
-8262
-8005
-7703
-7831
-7919
-7676
-8248
-7840
-8242
-7923
-7865
-7997
-8118
-7953
-7839
-7696
-7945
-7895
-8050
-7815
-8193
-8111
-8001
-8319
-7921
-8098
-8020
-8051
-7869
-7731
-8050
-8330
-7728
-7870
-8322
-7791
-7852
-8106
-8041
-8196
-8155
-8098
-8005
-7706
-8114
-7949
-8015
-7983
-7726
-7798
-8035
-7860
-7892
-8210
-8007
-8253
-8353
-8291
-7732
-7976
-7722
-7978
-8094
-8161
-8074
-8038
-8081
-7934
-8356
-7915
-7902
-8318
-8004
-8101
-7779
-8098
-8170
-8051
-8372
-7965
-8068
-8045
-8183
-7829
-8320
-7930
-7913
-7959
-8007
-8030
-8334
-8349
-7927
-8040
-7916
-7941
-7877
-7889
-7983
-7994
-8277
-7890
-8251
-7940
-8092
-8059
-7970
-8118
-8010
-8159
-8316
-8128
-8117
-7829
-8041
-8234
-8344
-7862
-8376
-8029
-7959
-8097
-8061
-8266
-8104
-8267
-8289
-8387
-8262
-8120
-8270
-8038
-8404
-8189
-8064
-8208
-7799
-7866
-7905
-8139
-7974
-7923
-8278
-8147
-8350
-8219
-8150
-8112
-8325
-8344
-8103
-8323
-8226
-8393
-8127
-8334
-7993
-8383
-8390
-8118
-8105
-8221
-8231
-7916
-8446
-8397
-8213
-8063
-8135
-7929
-8195
-7859
-7912
-8404
-8307
-8265
-8417
-7987
-7946
-7868
-7927
-7995
-7989
-7911
-7873
-8095
-8078
-8382
-8014
-8280
-8486
-7977
-8175
-7948
-7904
-8374
-8155
-8393
-7944
-8290
-8113
-8364
-8149
-7928
-7911
-8399
-8128
-8153
-8421
-8337
-8401
-8319
-8076
-8081
-8295
-8246
-8246
-8420
-8068
-8205
-8302
-8408
-7931
-8143
-8139
-8120
-8336
-8155
-7969
-8196
-8272
-8388
-7977
-8312
-8139
-7996
-7973
-7980
-7948
-8109
-8083
-8416
-8224
-8545
-7931
-7945
-8023
-8532
-7928
-7916
-8348
-8048
-7914
-8343
-8147
-8078
-8287
-8473
-8359
-8199
-8416
-8006
-8391
-8070
-8348
-7945
-8532
-7982
-8216
-8125
-7970
-8213
-8308
-8223
-8219
-8415
-8211
-8430
-8409
-8437
-8024
-8260
-8534
-8457
-7967
-8491
-8013
-8164
-8537
-8214
-7965
-7984
-8368
-8344
-7973
-8541
-8072
-8115
-8519
-8396
-8581
-8248
-8269
-8293
-8455
-8166
-8374
-8436
-8451
-8421
-7986
-8479
-8292
-8123
-8577
-8091
-8115
-8131
-7999
-8547
-8475
-8506
-8488
-8565
-8353
-8173
-8584
-8503
-7994
-8370
-8332
-8206
-8222
-8594
-8281
-8153
-8189
-8290
-8108
-8286
-8581
-8536
-8338
-8069
-8574
-8348
-8468
-8104
-8092
-8349
-8281
-8305
-8473
-8311
-8180
-8093
-8142
-8058
-8651
-8503
-8518
-8194
-8169
-8115
-8144
-8300
-8514
-8232
-8371
-8373
-8346
-8173
-8150
-8249
-8261
-8118
-8237
-8649
-8149
-8210
-8633
-8466
-8665
-8257
-8681
-8333
-8461
-8122
-8501
-8635
-8233
-8497
-8403
-8261
-8375
-8067
-8295
-8167
-8427
-8272
-8214
-8586
-8136
-8333
-8158
-8267
-8435
-8642
-8095
-8420
-8258
-8334
-8198
-8219
-8707
-8360
-8666
-8461
-8557
-8226
-8154
-8655
-8264
-8324
-8602
-8250
-8658
-8485
-8418
-8305
-8714
-8297
-8456
-8206
-8371
-8234
-8297
-8171
-8167
-8683
-8470
-8560
-8666
-8632
-8686
-8712
-8413
-8538
-8283
-8613
-8487
-8382
-8114
-8269
-8591
-8428
-8278
-8164
-8542
-8238
-8660
-8513
-8308
-8623
-8227
-8715
-8202
-8579
-8603
-8278
-8749
-8716
-8682
-8497
-8625
-8779
-8657
-8449
-8150
-8444
-8551
-8614
-8760
-8519
-8697
-8465
-8283
-8744
-8572
-8446
-8780
-8681
-8370
-8757
-8367
-8349
-8326
-8301
-8346
-8591
-8742
-8317
-8418
-8269
-8617
-8770
-8309
-8184
-8780
-8256
-8431
-8435
-8571
-8538
-8531
-8454
-8343
-8319
-8191
-8617
-8398
-8518
-8613
-8449
-8775
-8733
-8630
-8477
-8378
-8513
-8772
-8632
-8242
-8526
-8260
-8838
-8831
-8424
-8403
-8813
-8670
-8388
-8751
-8312
-8621
-8594
-8330
-8600
-8289
-8282
-8259
-8682
-8637
-8705
-8536
-8821
-8253
-8315
-8444
-8415
-8271
-8442
-8866
-8561
-8608
-8632
-8694
-8653
-8706
-8338
-8429
-8529
-8654
-8783
-8719
-8594
-8606
-8405
-8293
-8806
-8645
-8440
-8799
-8708
-8384
-8488
-8540
-8348
-8585
-8309
-8353
-8667
-8706
-8366
-8720
-8672
-8512
-8320
-8565
-8617
-8700
-8722
-8721
-8302
-8426
-8589
-8320
-8494
-8406
-8785
-8295
-8889
-8779
-8417
-8532
-8475
-8876
-8483
-8308
-8764
-8901
-8639
-8300
-8793
-8733
-8448
-8898
-8892
-8723
-8613
-8728
-8803
-8395
-8464
-8521
-8761
-8690
-8539
-8558
-8406
-8695
-8436
-8863
-8683
-8349
-8602
-8352
-8556
-8523
-8788
-8705
-8589
-8866
-8629
-8363
-8650
-8534
-8851
-8524
-8953
-8812
-8588
-8621
-8786
-8827
-8389
-8555
-8538
-8690
-8801
-8951
-8470
-8515
-8733
-8862
-8347
-8576
-8902
-8708
-8825
-8780
-8904
-8743
-8445
-8599
-8650
-8556
-8884
-8370
-8395
-8725
-8682
-8848
-8868
-8645
-8689
-8774
-8421
-8482
-8605
-8505
-8920
-8574
-8856
-8496
-8503
-8940
-8909
-8659
-8570
-8642
-8574
-8637
-8926
-8505
-8714
-8388
-8390
-8429
-8681
-8533
-8863
-8821
-8781
-8561
-8557
-9002
-8485
-8866
-8809
-8782
-8576
-8678
-8677
-8519
-8953
-8934
-8747
-8757
-8883
-8409
-8570
-8695
-8459
-8744
-8892
-9049
-8785
-8956
-8778
-8690
-8422
-8854
-8762
-8710
-8592
-8621
-8460
-8547
-8435
-8558
-8428
-8606
-8675
-8737
-8743
-8948
-8477
-8541
-8441
-8740
-8894
-9054
-8815
-8904
-8446
-8620
-8885
-8811
-8785
-8812
-8729
-8609
-8468
-8858
-8538
-8890
-9007
-8824
-9030
-8772
-9021
-8714
-9081
-8572
-8665
-8931
-9086
-8979
-8728
-8579
-8683
-8550
-9094
-8796
-8504
-8630
-8999
-8735
-8561
-8597
-8820
-8667
-9064
-8479
-8955
-8668
-8531
-8735
-9000
-9029
-8591
-8834
-8523
-8730
-8788
-8900
-9092
-8527
-8637
-8888
-8979
-9072
-8591
-9115
-8855
-8768
-8804
-9045
-8644
-8536
-8877
-8946
-9128
-8982
-8635
-8522
-8600
-8789
-8714
-8842
-8512
-8781
-9157
-9010
-9128
-8953
-8539
-9113
-9132
-8639
-8550
-8913
-8724
-9083
-8861
-8954
-9048
-8686
-8800
-8892
-8710
-8879
-8814
-8634
-8536
-9064
-8875
-9094
-8667
-8593
-9041
-9038
-8645
-8625
-8994
-8986
-8817
-8670
-8985
-8697
-8569
-8559
-8639
-8664
-8912
-8867
-8831
-9088
-8949
-8829
-9172
-9156
-8615
-8659
-9134
-8579
-9028
-9027
-8715
-8611
-8909
-8976
-9177
-9121
-8656
-8905
-8849
-9211
-8597
-8634
-8717
-8616
-9160
-9067
-8688
-9092
-8840
-8845
-9088
-8764
-9018
-8936
-8957
-8724
-8969
-8783
-8621
-9059
-9099
-8857
-8980
-8683
-8973
-8808
-9202
-8850
-9071
-8646
-9120
-8986
-9071
-9155
-8891
-8651
-9134
-8865
-8859
-9028
-9155
-9029
-9059
-9206
-8942
-8949
-8825
-8748
-8997
-9219
-9132
-9090
-8640
-9265
-9228
-8979
-8990
-9167
-8813
-9112
-8894
-9270
-8704
-9105
-8739
-9117
-8802
-8823
-8965
-8895
-9212
-8827
-9174
-9136
-9179
-8759
-9289
-8940
-8760
-8725
-9192
-8808
-8919
-9060
-9215
-9032
-8802
-8733
-8724
-8817
-9272
-9150
-8741
-8970
-8756
-9118
-8913
-9118
-9033
-9013
-9145
-9196
-9075
-8904
-9044
-9188
-9102
-8735
-8887
-9177
-8999
-8933
-8803
-9156
-8837
-9095
-9183
-8964
-8790
-8976
-8771
-9014
-8889
-9062
-9155
-9118
-9157
-9156
-9104
-9243
-9213
-8918
-9290
-8906
-8727
-8928
-9339
-8975
-8724
-9022
-9090
-9324
-9050
-9110
-9258
-9187
-8825
-8746
-9138
-8833
-9259
-9329
-9326
-8777
-8960
-8996
-9245
-9166
-8976
-9041
-8936
-9232
-9357
-9166
-9353
-8925
-8886
-9252
-8794
-9232
-9254
-9259
-8896
-9260
-9233
-8952
-9031
-9115
-9312
-9344
-9158
-8812
-8899
-9194
-9061
-8804
-9036
-9208
-9175
-9238
-9069
-8981
-9275
-8895
-8898
-9099
-9234
-9039
-8949
-8870
-9031
-8810
-9139
-8820
-9033
-9350
-9192
-9215
-9227
-9155
-9127
-9405
-9422
-9181
-9367
-9309
-9419
-9302
-8917
-8825
-8808
-9155
-8886
-8844
-9197
-8874
-9143
-9433
-9318
-9044
-9446
-8959
-8843
-8985
-9394
-8877
-8900
-9068
-9055
-9418
-8902
-9045
-8822
-8855
-9093
-8966
-9303
-8890
-9128
-9451
-9292
-8876
-9075
-9057
-9347
-9105
-8985
-8978
-9034
-9025
-8991
-9165
-9268
-9201
-9427
-8935
-8985
-9306
-9128
-9297
-9316
-9045
-9013
-9396
-9226
-9313
-9481
-9444
-8888
-8964
-8977
-9372
-9395
-8885
-8994
-9034
-9259
-9137
-9463
-9167
-9427
-8922
-9186
-9209
-8998
-9306
-9141
-9507
-9023
-8990
-9269
-9221
-9508
-9167
-9164
-9339
-9419
-9059
-9176
-9334
-9167
-9424
-9090
-9395
-9037
-9197
-9194
-9239
-9343
-8948
-9518
-9434
-9241
-9468
-9034
-9157
-9370
-9170
-9266
-9449
-9322
-8931
-9165
-8973
-9032
-9355
-9000
-9388
-9061
-9423
-9476
-9302
-9279
-9101
-9037
-8949
-8934
-9267
-9467
-9532
-9333
-9568
-9402
-8936
-9196
-9149
-9198
-9183
-9506
-9213
-9370
-9103
-9518
-9297
-9314
-9225
-9124
-9056
-9315
-9250
-9475
-8973
-9149
-9512
-9175
-9021
-9139
-9422
-9601
-9395
-9234
-9265
-8983
-8979
-9316
-9234
-9541
-9340
-9326
-9463
-9246
-9557
-9183
-9541
-9314
-9412
-9205
-9501
-8988
-9039
-9365
-9305
-9035
-9398
-9490
-9400
-9087
-9006
-9577
-9163
-9068
-9041
-9095
-9302
-9593
-9488
-9474
-9167
-9165
-9136
-9634
-9551
-9420
-9021
-9009
-9605
-9336
-9488
-9346
-9575
-9367
-9058
-9383
-9058
-9025
-9312
-9369
-9588
-9076
-9224
-9166
-9603
-9238
-9143
-9257
-9098
-9318
-9595
-9189
-9067
-9583
-9373
-9600
-9641
-9630
-9100
-9512
-9340
-9339
-9593
-9370
-9508
-9681
-9114
-9165
-9148
-9398
-9347
-9299
-9210
-9284
-9324
-9569
-9550
-9195
-9392
-9510
-9581
-9241
-9553
-9393
-9632
-9331
-9593
-9184
-9567
-9621
-9632
-9094
-9369
-9367
-9636
-9710
-9668
-9705
-9414
-9363
-9645
-9677
-9485
-9491
-9689
-9552
-9516
-9475
-9257
-9360
-9506
-9261
-9417
-9153
-9543
-9230
-9212
-9353
-9659
-9296
-9663
-9444
-9660
-9514
-9593
-9209
-9401
-9253
-9450
-9554
-9210
-9628
-9190
-9481
-9686
-9336
-9623
-9715
-9207
-9750
-9608
-9458
-9664
-9663
-9214
-9466
-9156
-9133
-9586
-9686
-9212
-9529
-9585
-9518
-9711
-9176
-9774
-9761
-9190
-9465
-9285
-9566
-9165
-9711
-9691
-9469
-9435
-9672
-9511
-9719
-9404
-9534
-9601
-9390
-9676
-9635
-9555
-9332
-9359
-9742
-9403
-9792
-9277
-9330
-9726
-9715
-9525
-9208
-9276
-9805
-9241
-9220
-9791
-9583
-9540
-9715
-9672
-9410
-9611
-9792
-9591
-9183
-9501
-9335
-9416
-9408
-9265
-9774
-9603
-9455
-9211
-9642
-9807
-9470
-9779
-9264
-9317
-9328
-9529
-9762
-9659
-9661
-9333
-9321
-9211
-9659
-9305
-9475
-9630
-9319
-9460
-9657
-9246
-9265
-9553
-9479
-9222
-9574
-9310
-9319
-9434
-9668
-9839
-9789
-9412
-9416
-9780
-9538
-9592
-9792
-9725
-9808
-9827
-9412
-9539
-9599
-9575
-9375
-9370
-9237
-9263
-9624
-9819
-9644
-9791
-9683
-9843
-9761
-9673
-9640
-9253
-9417
-9741
-9354
-9550
-9349
-9320
-9743
-9329
-9275
-9279
-9855
-9750
-9275
-9492
-9316
-9736
-9668
-9435
-9663
-9425
-9309
-9545
-9413
-9345
-9304
-9467
-9405
-9463
-9846
-9545
-9659
-9644
-9452
-9611
-9611
-9303
-9438
-9919
-9466
-9515
-9620
-9325
-9425
-9605
-9831
-9745
-9910
-9884
-9726
-9461
-9769
-9896
-9551
-9691
-9783
-9929
-9606
-9318
-9846
-9374
-9714
-9675
-9434
-9756
-9455
-9567
-9897
-9893
-9904
-9656
-9605
-9907
-9605
-9719
-9389
-9623
-9711
-9879
-9672
-9893
-9938
-9773
-9766
-9806
-9489
-9613
-9571
-9345
-9921
-9435
-9879
-9738
-9353
-9795
-9954
-9633
-9404
-9568
-9969
-9941
-9743
-9751
-9890
-9392
-9566
-9644
-9822
-9375
-9900
-9593
-9715
-9533
-9755
-9769
-9861
-9653
-9795
-9887
-9530
-9418
-9563
-9925
-9495
-9862
-9925
-9603
-9723
-10000
-9988
-9440
-9616
-9444
-9791
-9973
-9987
-9803
-9799
-9417
-9847
-9518
-9729
-9426
-9583
-9872
-9881
-9586
-9732
-9497
-10004
-9876
-9416
-9674
-9764
-9899
-9607
-10012
-9850
-9407
-9927
-9985
-9903
-9497
-9625
-9916
-9696
-9963
-9576
-9781
-10016
-9899
-9715
-9805
-9922
-9775
-9828
-9620
-9707
-9579
-9820
-9601
-9429
-9812
-9529
-9875
-9787
-9958
-9900
-9854
-9766
-9536
-9589
-9496
-9591
-10047
-9687
-9917
-9659
-9901
-9486
-9768
-10064
-10089
-9875
-9829
-9482
-9733
-9649
-9671
-9558
-9630
-9754
-10031
-9903
-9907
-9594
-9728
-9637
-9568
-9602
-9570
-9648
-9749
-9814
-9899
-9607
-9860
-10037
-9631
-9530
-9706
-9887
-9992
-9840
-9515
-9646
-9700
-9912
-9598
-9849
-9543
-9817
-9718
-9903
-9979
-9614
-9777
-10091
-9824
-9920
-9969
-9634
-9782
-9585
-9574
-9954
-10001
-9546
-9831
-9546
-10053
-9763
-9610
-9540
-9846
-9669
-9660
-10096
-9989
-9954
-9651
-9909
-9725
-9942
-9830
-10079
-9915
-9866
-9792
-9858
-10154
-10101
-9740
-9641
-10116
-9903
-9692
-9577
-9600
-10003
-9749
-9612
-9802
-9727
-9952
-9702
-9559
-9659
-9815
-9697
-9624
-9897
-10160
-10139
-9730
-9833
-9750
-9875
-9563
-10195
-9588
-9638
-10099
-9841
-9675
-10104
-9694
-9576
-10207
-10033
-9883
-9750
-10156
-9591
-9764
-9745
-9860
-9787
-10178
-10098
-10212
-9661
-10008
-10027
-9931
-10068
-9601
-9703
-9892
-9725
-10130
-9794
-9864
-10170
-9784
-10006
-9991
-10077
-9817
-9657
-9844
-9860
-10001
-9949
-9918
-9775
-9958
-9978
-9801
-9891
-10209
-9965
-9788
-9741
-9945
-9682
-9640
-10042
-10105
-9904
-10000
-10246
-9944
-9724
-9765
-10028
-9987
-10213
-9921
-9908
-9663
-10043
-9906
-9741
-10068
-10062
-9656
-10246
-9768
-9809
-10086
-9884
-10264
-10233
-9849
-9892
-10141
-9849
-9743
-10039
-10044
-10110
-9722
-10216
-10189
-10004
-9829
-10030
-9694
-9916
-10080
-9798
-9666
-9713
-9690
-9835
-10002
-9978
-10035
-10248
-10167
-9701
-9932
-10286
-9815
-10189
-9957
-10275
-10132
-9987
-10062
-10162
-9926
-10146
-9894
-9869
-10277
-10101
-9938
-9692
-9909
-9779
-10016
-9974
-9728
-9741
-10060
-9840
-10238
-9742
-9947
-9775
-10014
-9794
-9703
-10288
-10340
-10212
-9783
-10125
-9973
-9998
-9821
-9976
-9987
-9970
-10341
-9893
-10241
-10147
-10190
-10267
-10107
-9897
-9868
-10086
-9961
-9786
-10115
-10252
-10165
-9938
-10216
-9795
-9860
-9763
-9745
-10167
-9808
-10088
-9965
-9909
-10288
-9962
-10122
-9768
-10227
-10066
-10253
-10351
-10146
-9872
-10047
-9966
-10385
-10021
-10390
-10259
-10073
-10398
-10039
-10313
-10391
-9861
-10105
-9998
-9852
-9956
-10231
-10176
-10381
-9794
-10139
-9848
-9922
-10104
-10051
-10400
-9966
-9883
-9929
-9910
-10204
-10034
-9855
-10133
-9789
-10311
-10171
-9809
-10003
-10289
-9821
-10160
-10154
-10141
-10282
-10208
-10083
-10055
-9824
-10019
-10209
-10136
-10247
-10413
-9919
-10377
-10414
-10376
-10250
-10397
-9845
-10429
-10211
-10361
-9850
-10332
-10432
-10019
-10430
-10228
-10442
-9874
-10366
-10440
-10045
-10304
-10257
-9972
-9956
-10333
-10325
-10331
-9914
-10415
-9839
-10110
-10309
-10127
-10081
-10455
-9977
-10149
-10327
-10222
-10249
-9978
-10186
-10142
-9872
-10424
-10331
-9963
-10419
-10113
-9938
-9987
-9895
-10484
-10029
-10435
-10494
-10372
-9929
-10251
-10030
-10395
-9981
-10421
-10026
-10204
-10358
-10047
-9917
-9968
-10217
-10086
-10082
-10032
-10131
-10322
-10501
-10224
-10327
-10385
-10379
-10116
-9903
-10007
-10529
-10292
-10382
-10476
-9995
-10461
-10021
-10138
-9896
-10184
-9911
-10063
-9979
-10177
-10449
-10210
-10106
-10520
-10355
-10496
-10192
-10357
-10504
-10265
-10179
-10127
-10164
-9984
-10151
-10063
-9981
-9973
-10145
-10473
-10001
-10453
-9994
-10104
-10029
-10448
-10073
-10000
-9955
-10219
-10428
-10008
-10549
-9934
-10422
-10555
-10165
-10520
-10327
-10322
-10527
-9966
-10565
-9992
-10516
-10147
-10349
-10176
-10507
-10405
-10553
-10168
-10066
-10474
-10414
-10384
-10268
-10145
-10367
-10204
-10599
-10132
-10529
-10258
-10438
-10190
-10007
-10001
-10348
-10090
-10231
-10161
-10436
-10586
-10157
-10033
-10296
-10015
-10260
-10324
-10059
-10023
-10558
-10055
-10153
-10249
-10386
-10286
-10383
-10458
-10623
-10222
-10175
-10268
-10534
-10567
-10295
-10501
-10100
-10283
-10411
-10280
-10417
-10033
-10590
-10089
-10256
-10147
-10174
-10428
-10583
-10432
-10313
-10376
-10580
-10331
-10336
-10377
-10599
-10446
-10276
-10085
-10554
-10072
-10534
-10040
-10334
-10324
-10215
-10206
-10441
-10405
-10332
-10147
-10290
-10168
-10549
-10110
-10053
-10282
-10680
-10392
-10441
-10222
-10121
-10423
-10179
-10256
-10510
-10200
-10180
-10159
-10543
-10061
-10233
-10485
-10252
-10537
-10225
-10216
-10598
-10199
-10351
-10654
-10135
-10156
-10219
-10422
-10429
-10703
-10561
-10225
-10446
-10098
-10442
-10709
-10675
-10082
-10170
-10129
-10109
-10563
-10293
-10306
-10685
-10299
-10727
-10136
-10232
-10128
-10193
-10134
-10290
-10423
-10586
-10728
-10133
-10397
-10127
-10728
-10211
-10469
-10452
-10208
-10554
-10658
-10313
-10131
-10617
-10333
-10203
-10393
-10224
-10647
-10122
-10337
-10512
-10742
-10355
-10659
-10434
-10450
-10626
-10730
-10338
-10596
-10331
-10436
-10343
-10313
-10185
-10516
-10340
-10650
-10293
-10586
-10384
-10722
-10693
-10339
-10579
-10681
-10512
-10588
-10216
-10355
-10317
-10769
-10752
-10639
-10775
-10218
-10694
-10590
-10281
-10765
-10720
-10284
-10794
-10199
-10585
-10369
-10412
-10257
-10796
-10731
-10750
-10347
-10254
-10600
-10571
-10509
-10485
-10602
-10568
-10624
-10747
-10364
-10819
-10798
-10555
-10210
-10556
-10725
-10465
-10616
-10402
-10632
-10317
-10759
-10685
-10716
-10319
-10830
-10365
-10519
-10243
-10750
-10841
-10535
-10769
-10656
-10351
-10540
-10805
-10793
-10472
-10821
-10495
-10487
-10681
-10480
-10637
-10234
-10600
-10275
-10596
-10413
-10719
-10660
-10679
-10768
-10579
-10289
-10237
-10244
-10380
-10785
-10473
-10512
-10589
-10579
-10845
-10301
-10615
-10659
-10527
-10312
-10521
-10646
-10311
-10493
-10823
-10733
-10883
-10618
-10578
-10872
-10761
-10485
-10386
-10622
-10800
-10377
-10785
-10606
-10575
-10564
-10271
-10683
-10786
-10824
-10578
-10375
-10691
-10583
-10423
-10395
-10382
-10808
-10699
-10727
-10657
-10761
-10758
-10651
-10655
-10417
-10364
-10502
-10663
-10651
-10704
-10370
-10667
-10819
-10875
-10542
-10371
-10871
-10870
-10300
-10305
-10327
-10715
-10639
-10738
-10871
-10495
-10766
-10471
-10908
-10750
-10510
-10308
-10468
-10505
-10349
-10742
-10318
-10390
-10866
-10841
-10393
-10787
-10498
-10484
-10876
-10577
-10723
-10505
-10667
-10917
-10579
-10551
-10776
-10751
-10595
-10659
-10782
-10762
-10418
-10480
-10490
-10691
-10787
-10419
-10974
-10818
-10469
-10782
-10896
-10459
-10642
-10927
-10618
-10526
-10371
-10515
-10944
-10863
-10596
-10842
-10787
-10436
-10585
-10664
-10993
-10657
-10764
-10757
-10610
-10656
-10797
-10949
-10684
-10935
-10676
-10528
-10765
-10783
-10921
-10673
-10620
-10812
-10817
-10388
-10930
-10706
-10981
-10743
-10536
-10753
-10665
-10608
-10469
-10858
-10691
-10878
-10941
-10437
-10493
-10647
-10798
-10904
-10463
-10727
-10512
-10959
-10676
-10452
-10742
-11031
-10449
-10847
-10441
-10771
-10516
-10977
-10680
-10777
-10887
-10876
-10821
-10479
-10828
-10496
-10678
-10912
-10594
-10519
-10627
-10695
-10720
-10675
-10555
-10508
-10614
-10545
-10639
-10962
-10546
-10898
-10656
-10690
-11078
-11001
-10927
-10767
-10525
-10802
-10508
-10986
-10805
-10661
-10784
-10677
-10870
-10764
-11062
-10599
-10780
-10779
-10695
-11070
-11034
-10487
-10754
-10780
-10838
-10608
-10843
-10937
-10490
-10833
-11019
-10767
-11024
-10812
-10908
-10728
-10676
-10595
-10803
-10672
-11072
-10593
-10831
-10811
-11009
-10841
-11112
-10587
-10883
-10548
-10787
-11057
-10771
-10681
-10779
-10666
-11093
-11022
-10567
-10503
-10829
-10959
-10570
-10571
-10736
-11121
-10948
-11037
-10748
-11068
-10512
-10937
-10549
-10562
-10734
-10598
-10727
-10810
-10588
-10666
-10956
-10935
-10882
-11111
-10577
-11156
-10841
-10657
-10655
-10923
-10698
-10768
-11076
-11118
-11018
-11096
-11074
-10978
-11065
-11075
-11151
-10584
-10608
-10759
-11113
-10642
-11181
-10823
-10759
-10695
-10909
-11081
-10893
-10590
-10605
-11112
-10620
-11085
-10903
-11018
-10968
-10867
-10818
-11060
-10980
-10780
-10953
-10900
-10927
-10608
-10943
-10924
-10840
-11083
-11150
-10669
-11134
-10785
-11066
-10829
-10774
-10789
-10950
-11047
-10806
-10926
-11037
-10811
-11068
-10607
-10670
-10643
-11087
-10998
-11220
-10715
-10897
-11004
-11182
-11154
-11158
-10941
-11093
-10723
-10670
-11217
-10941
-10848
-11194
-11000
-10958
-10958
-10711
-11057
-10878
-11239
-11080
-11146
-10642
-10720
-11144
-10828
-10673
-10976
-10975
-10892
-11023
-10669
-10887
-11215
-10788
-10992
-11003
-10945
-11156
-10792
-10657
-11078
-10719
-10840
-10852
-10834
-10669
-11062
-10666
-10675
-10800
-10650
-11152
-11065
-10647
-11005
-11163
-10746
-10877
-11004
-10977
-10693
-11229
-10835
-11210
-10830
-10848
-10806
-11188
-10761
-11279
-10870
-11165
-10871
-10750
-10676
-10812
-11209
-10690
-11118
-11278
-11158
-11270
-10915
-10738
-11123
-10913
-11116
-11068
-11286
-11302
-11118
-11166
-10766
-10969
-11174
-10884
-11062
-11322
-11006
-11240
-10755
-11253
-10950
-10793
-10760
-11180
-11277
-10860
-11173
-10962
-11001
-10749
-11199
-11013
-10982
-10979
-10998
-10910
-10956
-11212
-11195
-10984
-10988
-10849
-10901
-11200
-11150
-11055
-11068
-11107
-11089
-10887
-10726
-11042
-10807
-11215
-10745
-10855
-11323
-11327
-10774
-10857
-10777
-11267
-10849
-11367
-11075
-10855
-10874
-10781
-11205
-10962
-10847
-10945
-10884
-11332
-10768
-11385
-11379
-11175
-10899
-11278
-10979
-11166
-11351
-11212
-11188
-10815
-11226
-11354
-11322
-10948
-10832
-10822
-11224
-11113
-11286
-10795
-11411
-11022
-11036
-11340
-10857
-11103
-10796
-10862
-11376
-11086
-11245
-10943
-11288
-10807
-11355
-11036
-11417
-10857
-11303
-10872
-11020
-11320
-10943
-10899
-11189
-11157
-11275
-10803
-10878
-11354
-10829
-10947
-11082
-11032
-11096
-11295
-11322
-11306
-11294
-10902
-11247
-11128
-11133
-11455
-10940
-11123
-11371
-11264
-11226
-10949
-10990
-11226
-10865
-11252
-11433
-10868
-10931
-11069
-11460
-10927
-11376
-11262
-11075
-11397
-11404
-10885
-10861
-11157
-11298
-11204
-11450
-11330
-11346
-11208
-11367
-11101
-11326
-11091
-11146
-11201
-11265
-11495
-10898
-11293
-11083
-11279
-11342
-11337
-11285
-11468
-11100
-11092
-11335
-11350
-11392
-11089
-11167
-11370
-11319
-11474
-11177
-11277
-10900
-10909
-10882
-11475
-11241
-11020
-11182
-11180
-11455
-11404
-11068
-10973
-11080
-11395
-11135
-11234
-11137
-11436
-11418
-10987
-11115
-11388
-10900
-11164
-11393
-10949
-10904
-11499
-11337
-11015
-10947
-11021
-11303
-10959
-11316
-11088
-11468
-11411
-11156
-11254
-11511
-10975
-11316
-11322
-11480
-11497
-11451
-11394
-11115
-11118
-11019
-11534
-11094
-11534
-11452
-11288
-11222
-11419
-11458
-11511
-11532
-11009
-11441
-11450
-11014
-10980
-10962
-11308
-11222
-11296
-11256
-11051
-11473
-11073
-11110
-10956
-10990
-11212
-11343
-11460
-11365
-11341
-11564
-11358
-11593
-11562
-11004
-10997
-11433
-11314
-11217
-11079
-11246
-11271
-11135
-11507
-11599
-11122
-11280
-11577
-10992
-11115
-11189
-11206
-11418
-11005
-11455
-11521
-11457
-11378
-11101
-10999
-11170
-11404
-11067
-11292
-11598
-11573
-11336
-11107
-11259
-11170
-11482
-11062
-11024
-11517
-11116
-11220
-11476
-11530
-11275
-11501
-11141
-11019
-11232
-11441
-11324
-11084
-11034
-11189
-11292
-11614
-11079
-11048
-11480
-11597
-11637
-11581
-11548
-11176
-11465
-11597
-11228
-11217
-11258
-11313
-11525
-11193
-11527
-11402
-11518
-11614
-11328
-11348
-11436
-11337
-11468
-11682
-11147
-11412
-11080
-11524
-11590
-11425
-11055
-11239
-11647
-11569
-11485
-11325
-11527
-11599
-11378
-11190
-11566
-11655
-11446
-11147
-11178
-11175
-11686
-11236
-11122
-11607
-11678
-11539
-11127
-11453
-11114
-11129
-11503
-11181
-11513
-11286
-11677
-11489
-11284
-11085
-11185
-11227
-11149
-11361
-11612
-11428
-11406
-11706
-11316
-11641
-11248
-11161
-11465
-11224
-11604
-11299
-11723
-11628
-11486
-11390
-11616
-11280
-11178
-11622
-11649
-11462
-11162
-11453
-11290
-11192
-11464
-11281
-11176
-11151
-11255
-11681
-11316
-11718
-11535
-11280
-11617
-11161
-11258
-11282
-11247
-11218
-11336
-11395
-11465
-11407
-11438
-11681
-11517
-11482
-11708
-11558
-11144
-11490
-11717
-11617
-11364
-11560
-11608
-11638
-11680
-11528
-11550
-11251
-11683
-11628
-11707
-11676
-11696
-11388
-11304
-11192
-11419
-11678
-11257
-11696
-11786
-11431
-11750
-11387
-11389
-11489
-11581
-11700
-11528
-11355
-11639
-11473
-11638
-11558
-11561
-11496
-11187
-11589
-11545
-11719
-11483
-11641
-11611
-11487
-11614
-11646
-11448
-11655
-11820
-11779
-11314
-11374
-11414
-11712
-11832
-11456
-11426
-11574
-11602
-11615
-11285
-11214
-11224
-11416
-11764
-11568
-11555
-11220
-11296
-11351
-11569
-11756
-11693
-11276
-11418
-11793
-11292
-11408
-11805
-11710
-11358
-11518
-11734
-11794
-11415
-11614
-11769
-11373
-11700
-11714
-11348
-11619
-11429
-11750
-11591
-11286
-11677
-11749
-11381
-11838
-11648
-11856
-11860
-11789
-11853
-11264
-11873
-11382
-11539
-11815
-11501
-11478
-11436
-11315
-11603
-11407
-11551
-11510
-11811
-11703
-11600
-11445
-11424
-11812
-11695
-11610
-11904
-11575
-11297
-11552
-11753
-11275
-11470
-11869
-11681
-11775
-11495
-11901
-11284
-11567
-11471
-11644
-11664
-11617
-11762
-11349
-11751
-11924
-11656
-11827
-11700
-11871
-11771
-11527
-11450
-11795
-11349
-11326
-11668
-11692
-11935
-11447
-11768
-11797
-11659
-11417
-11613
-11872
-11902
-11698
-11321
-11639
-11392
-11894
-11851
-11596
-11348
-11338
-11586
-11636
-11581
-11806
-11828
-11851
-11591
-11886
-11853
-11350
-11409
-11331
-11704
-11815
-11384
-11922
-11531
-11604
-11913
-11538
-11532
-11411
-11643
-11540
-11654
-11654
-11604
-11584
-11587
-11951
-11788
-11393
-11412
-11639
-11739
-11487
-11877
-11857
-11564
-11802
-11857
-11962
-11796
-11588
-11752
-11541
-12003
-11835
-11447
-11590
-11448
-11417
-11869
-11393
-11943
-11930
-11627
-11492
-11975
-11854
-11467
-11435
-11610
-11929
-11745
-11577
-11791
-11436
-11472
-12012
-11395
-11562
-12009
-11946
-11498
-11995
-11572
-11857
-11824
-11541
-12009
-11499
-11648
-11856
-11650
-11789
-11701
-11676
-12002
-11815
-11667
-11719
-12017
-11454
-11996
-11427
-11618
-11502
-11548
-11942
-11945
-11821
-11840
-11562
-12061
-11755
-11922
-11691
-11697
-11786
-11532
-11740
-11438
-11837
-11657
-11674
-11583
-11436
-12055
-12073
-11942
-12041
-12004
-12028
-11618
-11834
-11805
-11721
-11779
-11815
-11670
-11568
-11645
-11790
-11677
-11660
-11824
-11572
-11920
-11702
-11547
-11482
-11910
-11940
-11723
-12040
-12065
-11599
-11732
-11696
-11512
-12024
-12062
-11596
-11560
-11502
-11496
-12099
-11674
-12099
-11625
-11967
-11952
-11894
-11843
-11806
-12042
-11498
-11857
-11682
-11748
-12018
-12047
-11619
-11857
-11597
-12069
-11501
-12047
-12117
-11738
-11906
-12109
-11970
-12070
-11675
-11537
-12042
-11570
-11990
-11999
-11838
-12104
-12107
-11972
-11910
-11515
-12143
-11678
-11991
-11674
-11611
-11605
-12120
-11558
-11993
-11550
-12142
-11763
-11904
-11533
-11612
-11730
-11722
-12171
-11839
-11937
-12059
-11546
-12131
-11791
-11843
-11878
-11833
-11715
-12058
-11754
-11885
-12096
-11594
-12165
-12037
-12018
-11722
-11740
-11785
-12153
-11754
-11677
-11920
-11767
-11606
-11839
-12021
-11970
-11702
-12167
-12157
-11649
-11676
-11858
-11772
-11737
-12148
-11616
-12200
-11701
-11941
-11613
-11946
-11956
-12155
-11954
-12203
-11596
-11912
-12134
-12215
-11726
-11615
-11781
-11628
-12194
-12034
-12152
-12139
-11682
-11762
-11942
-11738
-12081
-11797
-11923
-11695
-11864
-11867
-12157
-11917
-11823
-11743
-11729
-12066
-12012
-12059
-11743
-11772
-11680
-12245
-11937
-12154
-11803
-12250
-11800
-12016
-11802
